# Matter power spectrum P(k) at redshift z=0
# for k=1.02819e-05 to 10.1631 h/Mpc,
# number of wavenumbers equal to 683
#    1:k (h/Mpc)              2:P (Mpc/h)^3        
       1.028187002106e-05       5.134213864334e+01 
       2.292365185914e-05       9.043656657954e+01 
       3.560832549324e-05       1.410510759123e+02 
       4.836876185646e-05       1.914086025447e+02 
       6.123835630108e-05       2.418044754574e+02 
       7.425131546071e-05       2.931805223138e+02 
       8.744295296919e-05       3.453827965977e+02 
       1.008499978355e-04       3.982560336107e+02 
       1.145109193037e-04       4.522747426239e+02 
       1.284662720590e-04       5.074020163822e+02 
       1.427590656520e-04       5.637904863887e+02 
       1.574351619752e-04       6.216413723434e+02 
       1.725437044906e-04       6.812769774395e+02 
       1.881375826268e-04       7.427140256344e+02 
       2.042739342471e-04       8.062878084348e+02 
       2.210146882521e-04       8.722029301385e+02 
       2.384271480672e-04       9.407197449698e+02 
       2.565846148204e-04       1.012157126779e+03 
       2.755670462133e-04       1.086760899980e+03 
       2.954617431696e-04       1.164914333761e+03 
       3.163640509975e-04       1.246929687389e+03 
       3.383780547031e-04       1.333240648435e+03 
       3.616172388935e-04       1.424259046017e+03 
       3.862050711657e-04       1.520448435424e+03 
       4.122754539007e-04       1.622302432229e+03 
       4.399729732252e-04       1.730358185875e+03 
       4.694528564040e-04       1.845183712386e+03 
       5.008805317599e-04       1.967374389949e+03 
       5.344306712418e-04       2.097558264315e+03 
       5.702855892334e-04       2.236376278987e+03 
       6.086328777704e-04       2.384478345546e+03 
       6.496621845998e-04       2.542504441271e+03 
       6.935610927835e-04       2.711074310730e+03 
       7.405101426825e-04       2.890751781085e+03 
       7.906771477440e-04       3.082039118037e+03 
       8.442110848006e-04       3.285332580576e+03 
       9.012359679171e-04       3.500930980036e+03 
       9.618452139520e-04       3.728964322138e+03 
       1.026097046882e-03       3.969428997379e+03 
       1.094011442350e-03       4.222144567598e+03 
       1.165568977005e-03       4.486761552850e+03 
       1.240711736179e-03       4.762782506882e+03 
       1.319346188038e-03       5.049510347628e+03 
       1.401347703473e-03       5.346250389852e+03 
       1.486566235361e-03       5.652114781729e+03 
       1.574832595798e-03       5.966190726867e+03 
       1.665964787679e-03       6.287527178886e+03 
       1.759773937711e-03       6.615144016734e+03 
       1.856069509817e-03       6.948116918657e+03 
       1.954663618432e-03       7.285529975751e+03 
       2.055374385730e-03       7.626448362494e+03 
       2.158028381591e-03       7.970104579595e+03 
       2.262462246377e-03       8.315691921394e+03 
       2.368523627926e-03       8.662532517716e+03 
       2.476071572266e-03       9.009945064863e+03 
       2.584976500291e-03       9.357382337271e+03 
       2.695119886550e-03       9.704297709762e+03 
       2.806393736634e-03       1.005020176385e+04 
       2.918699939699e-03       1.039468965337e+04 
       3.031949554449e-03       1.073741846550e+04 
       3.146062071337e-03       1.107801999103e+04 
       3.260964681089e-03       1.141620258880e+04 
       3.376591569730e-03       1.175169410622e+04 
       3.492883252786e-03       1.208430535616e+04 
       3.609785955802e-03       1.241381726354e+04 
       3.727251044378e-03       1.274002060009e+04 
       3.845234504212e-03       1.306283959699e+04 
       3.963696469795e-03       1.338207927979e+04 
       4.082600799322e-03       1.369763072942e+04 
       4.201914692691e-03       1.400942970087e+04 
       4.321608349160e-03       1.431735422675e+04 
       4.441654661156e-03       1.462137879633e+04 
       4.562028940790e-03       1.492140864520e+04 
       4.682708675795e-03       1.521737309970e+04 
       4.803673311824e-03       1.550923127336e+04 
       4.924904058282e-03       1.579701960345e+04 
       5.046383715132e-03       1.608066984188e+04 
       5.168096518348e-03       1.636019540310e+04 
       5.290028001935e-03       1.663558588515e+04 
       5.412164874655e-03       1.690676673481e+04 
       5.534494909806e-03       1.717380138756e+04 
       5.657006846578e-03       1.743670657190e+04 
       5.779690301692e-03       1.769542428303e+04 
       5.902535690156e-03       1.795002534169e+04 
       6.025534154132e-03       1.820046560343e+04 
       6.148677499006e-03       1.844684458339e+04 
       6.271958135861e-03       1.868902893469e+04 
       6.395369029669e-03       1.892721327279e+04 
       6.518903652550e-03       1.916124520482e+04 
       6.642555941581e-03       1.939124045420e+04 
       6.766320260651e-03       1.961726669530e+04 
       6.890191365931e-03       1.983932472139e+04 
       7.014164374592e-03       2.005734009050e+04 
       7.138234736422e-03       2.027149405026e+04 
       7.262398208048e-03       2.048164939477e+04 
       7.386650829493e-03       2.068689842124e+04 
       7.510988902837e-03       2.088934655613e+04 
       7.635408972773e-03       2.108799493845e+04 
       7.759907808866e-03       2.128287610477e+04 
       7.884482389341e-03       2.147385266147e+04 
       8.009129886277e-03       2.166121235095e+04 
       8.133847652045e-03       2.184497577804e+04 
       8.258633206883e-03       2.202494351862e+04 
       8.383484227510e-03       2.220133373056e+04 
       8.508398536668e-03       2.237408027334e+04 
       8.633374093513e-03       2.254331421843e+04 
       8.758408984784e-03       2.270903979815e+04 
       8.883501416669e-03       2.287126095801e+04 
       9.008649707317e-03       2.303005688525e+04 
       9.133852279928e-03       2.318534060824e+04 
       9.259107656384e-03       2.333722806428e+04 
       9.384414451364e-03       2.348568475506e+04 
       9.509771366904e-03       2.363091585388e+04 
       9.635177187369e-03       2.377277539484e+04 
       9.760630774803e-03       2.391135579826e+04 
       9.886131064612e-03       2.404673133765e+04 
       1.001167706158e-02       2.417896415270e+04 
       1.013726783616e-02       2.430788067825e+04 
       1.026290252103e-02       2.443373225506e+04 
       1.038858030795e-02       2.455633831967e+04 
       1.051430044474e-02       2.467612531342e+04 
       1.064006223257e-02       2.479275071053e+04 
       1.076586502341e-02       2.490629840361e+04 
       1.089170821761e-02       2.501684098176e+04 
       1.101759126176e-02       2.512443149685e+04 
       1.114351364656e-02       2.522942972203e+04 
       1.126947490498e-02       2.533119127141e+04 
       1.139547461042e-02       2.543008747479e+04 
       1.152151237509e-02       2.552612783331e+04 
       1.164758784848e-02       2.561936280287e+04 
       1.177370071589e-02       2.570980437417e+04 
       1.189985069711e-02       2.579748635785e+04 
       1.202603754520e-02       2.588247060823e+04 
       1.215226104531e-02       2.596470678594e+04 
       1.227852101363e-02       2.604429147702e+04 
       1.240481729637e-02       2.612124660612e+04 
       1.253114976884e-02       2.619557551542e+04 
       1.265751833462e-02       2.626730360129e+04 
       1.278392292474e-02       2.633651569839e+04 
       1.291036349692e-02       2.640316077997e+04 
       1.303684003495e-02       2.646731522814e+04 
       1.316335254800e-02       2.652899576815e+04 
       1.328990107007e-02       2.658821886035e+04 
       1.341648565946e-02       2.664507168459e+04 
       1.354310639827e-02       2.669958238327e+04 
       1.366976339194e-02       2.675169323264e+04 
       1.379645676889e-02       2.680150251707e+04 
       1.392318668007e-02       2.684893328855e+04 
       1.404995329869e-02       2.689414348971e+04 
       1.417675681991e-02       2.693708778089e+04 
       1.430359746054e-02       2.697542573641e+04 
       1.443047545882e-02       2.701275499822e+04 
       1.455739107419e-02       2.704895167829e+04 
       1.468434458717e-02       2.708297607445e+04 
       1.481133629912e-02       2.711490263129e+04 
       1.493836653216e-02       2.714471503893e+04 
       1.506543562907e-02       2.717243740533e+04 
       1.519254395319e-02       2.719926550107e+04 
       1.531969188837e-02       2.722296732172e+04 
       1.544687983893e-02       2.724482304736e+04 
       1.557410822965e-02       2.726511284243e+04 
       1.570137750580e-02       2.728319730875e+04 
       1.582868813311e-02       2.729844920053e+04 
       1.595604059789e-02       2.731190479189e+04 
       1.608343540703e-02       2.732430914590e+04 
       1.621087308815e-02       2.733345612630e+04 
       1.633835418963e-02       2.734393537180e+04 
       1.646587928083e-02       2.735044025286e+04 
       1.659344895211e-02       2.735506161977e+04 
       1.672106381510e-02       2.735779732560e+04 
       1.684872450281e-02       2.735858888498e+04 
       1.697643166983e-02       2.735794868830e+04 
       1.710418599256e-02       2.735573770938e+04 
       1.723198816942e-02       2.734884770406e+04 
       1.735983892110e-02       2.734307451361e+04 
       1.748773899082e-02       2.733603985619e+04 
       1.761568914457e-02       2.733068531107e+04 
       1.774369017147e-02       2.732012380275e+04 
       1.787174288403e-02       2.730834733109e+04 
       1.799984811848e-02       2.729501126902e+04 
       1.812800673512e-02       2.727783456101e+04 
       1.825621961868e-02       2.726056523788e+04 
       1.838448767868e-02       2.724247895697e+04 
       1.851281184986e-02       2.722294645321e+04 
       1.864119309253e-02       2.720186669520e+04 
       1.876963239306e-02       2.717939823677e+04 
       1.889813076428e-02       2.715451850185e+04 
       1.902668924593e-02       2.712932738797e+04 
       1.915530890521e-02       2.710279766400e+04 
       1.928399083719e-02       2.707818842988e+04 
       1.941273616539e-02       2.704885155227e+04 
       1.954154604228e-02       2.701765991015e+04 
       1.967042164986e-02       2.698671597626e+04 
       1.979936420020e-02       2.695475275284e+04 
       1.992837493607e-02       2.692046919652e+04 
       2.005745513151e-02       2.688501327826e+04 
       2.018660609252e-02       2.684832856840e+04 
       2.031582915766e-02       2.681050246845e+04 
       2.044512569877e-02       2.677145153102e+04 
       2.057449712164e-02       2.673127102570e+04 
       2.070394486674e-02       2.668995589949e+04 
       2.083347040999e-02       2.664756983856e+04 
       2.096307526349e-02       2.660404077956e+04 
       2.109276097634e-02       2.655942152363e+04 
       2.122252913544e-02       2.651372232616e+04 
       2.135238136637e-02       2.646688794360e+04 
       2.148231933421e-02       2.641966515353e+04 
       2.161234474451e-02       2.637094999013e+04 
       2.174245934413e-02       2.632140026219e+04 
       2.187266492227e-02       2.627097496871e+04 
       2.200296331143e-02       2.621912009244e+04 
       2.213335638843e-02       2.616733655393e+04 
       2.226384607545e-02       2.611429897222e+04 
       2.239443434111e-02       2.606032153086e+04 
       2.252512320163e-02       2.600511672536e+04 
       2.265591472192e-02       2.594989336921e+04 
       2.278681101681e-02       2.589087051559e+04 
       2.291781425226e-02       2.583361479783e+04 
       2.304892664663e-02       2.577635255857e+04 
       2.318015047198e-02       2.571722699572e+04 
       2.331148805541e-02       2.565652867018e+04 
       2.344294178047e-02       2.559663051214e+04 
       2.357451408856e-02       2.553356128299e+04 
       2.370620748045e-02       2.547145712557e+04 
       2.383802451775e-02       2.540952012046e+04 
       2.396996782454e-02       2.534601686894e+04 
       2.410204008898e-02       2.528191184875e+04 
       2.423424406497e-02       2.521709971017e+04 
       2.436658257389e-02       2.515158634307e+04 
       2.449905850643e-02       2.508491494483e+04 
       2.463167482438e-02       2.501883825832e+04 
       2.476443456259e-02       2.495121889099e+04 
       2.489734083091e-02       2.488401608137e+04 
       2.503039681626e-02       2.481490307194e+04 
       2.516360578473e-02       2.474663032775e+04 
       2.529697108375e-02       2.467730687516e+04 
       2.543049614438e-02       2.460735994149e+04 
       2.556418448359e-02       2.453566809034e+04 
       2.569803970671e-02       2.446458254955e+04 
       2.583206550995e-02       2.439412317473e+04 
       2.596626568292e-02       2.432205761827e+04 
       2.610064411137e-02       2.424904620114e+04 
       2.623520477990e-02       2.417622589177e+04 
       2.636995177488e-02       2.410274693091e+04 
       2.650488928740e-02       2.402883210349e+04 
       2.664002161635e-02       2.395460314527e+04 
       2.677535317159e-02       2.387988557357e+04 
       2.691088847730e-02       2.380489331652e+04 
       2.704663217534e-02       2.372944869280e+04 
       2.718258902890e-02       2.365356851678e+04 
       2.731876392608e-02       2.357733686757e+04 
       2.745516188379e-02       2.350076277437e+04 
       2.759178805170e-02       2.342384909727e+04 
       2.772864771635e-02       2.334658420077e+04 
       2.786574630544e-02       2.326902593960e+04 
       2.800308939228e-02       2.319111713759e+04 
       2.814068270037e-02       2.311306108124e+04 
       2.827853210828e-02       2.303458218073e+04 
       2.841664365454e-02       2.295591469828e+04 
       2.855502354290e-02       2.287699562346e+04 
       2.869367814771e-02       2.279777732133e+04 
       2.883261401952e-02       2.271828327212e+04 
       2.897183789094e-02       2.263796566322e+04 
       2.911135668273e-02       2.255801700361e+04 
       2.925117751010e-02       2.247835787789e+04 
       2.939130768939e-02       2.239783779600e+04 
       2.953175474487e-02       2.231719455661e+04 
       2.967252641598e-02       2.223674306353e+04 
       2.981363066478e-02       2.215517585385e+04 
       2.995507568375e-02       2.207409492624e+04 
       3.009686990400e-02       2.199354429495e+04 
       3.023902200370e-02       2.191155689547e+04 
       3.038154091702e-02       2.183094365720e+04 
       3.052443584341e-02       2.174882658563e+04 
       3.066771625729e-02       2.166809488121e+04 
       3.081139191820e-02       2.158575587827e+04 
       3.095547288147e-02       2.150244803076e+04 
       3.109996950926e-02       2.142037710984e+04 
       3.124489248223e-02       2.133816856825e+04 
       3.139025281174e-02       2.125586011386e+04 
       3.153606185261e-02       2.117391378411e+04 
       3.168233131650e-02       2.109154570782e+04 
       3.182907328596e-02       2.100860387939e+04 
       3.197630022915e-02       2.092616140533e+04 
       3.212402501534e-02       2.084323065956e+04 
       3.227226093113e-02       2.076057121672e+04 
       3.242102169752e-02       2.067822809704e+04 
       3.257032148785e-02       2.059534596328e+04 
       3.272017494670e-02       2.051196997069e+04 
       3.287059720973e-02       2.042971953965e+04 
       3.302160392460e-02       2.034691432627e+04 
       3.317321127303e-02       2.026395755956e+04 
       3.332543599395e-02       2.018139828520e+04 
       3.347829540809e-02       2.009859314524e+04 
       3.363180744374e-02       2.001515932141e+04 
       3.378599066409e-02       1.993213154277e+04 
       3.394086429601e-02       1.984911934658e+04 
       3.409644826056e-02       1.976639242349e+04 
       3.425276320522e-02       1.968377042932e+04 
       3.440983053796e-02       1.960044445997e+04 
       3.456767246339e-02       1.951741456235e+04 
       3.472631202107e-02       1.943442251487e+04 
       3.488577312605e-02       1.935182801396e+04 
       3.504608061198e-02       1.926888815501e+04 
       3.520726027686e-02       1.918610109090e+04 
       3.536933893165e-02       1.910293792823e+04 
       3.553234445196e-02       1.901967579441e+04 
       3.569630583305e-02       1.893678790037e+04 
       3.586125324843e-02       1.885398274650e+04 
       3.602721811235e-02       1.877107670957e+04 
       3.619423314636e-02       1.868815475907e+04 
       3.636233245043e-02       1.860537511274e+04 
       3.653155157900e-02       1.852262250499e+04 
       3.670192762217e-02       1.843985359341e+04 
       3.687349929269e-02       1.835719145607e+04 
       3.704630701918e-02       1.827447838571e+04 
       3.722039304597e-02       1.819184405085e+04 
       3.739580154038e-02       1.810975435926e+04 
       3.757257870792e-02       1.802706985355e+04 
       3.775077291615e-02       1.794318175216e+04 
       3.793043482808e-02       1.786137337873e+04 
       3.811161754590e-02       1.777898853602e+04 
       3.829437676601e-02       1.769554487853e+04 
       3.847877094650e-02       1.761411723154e+04 
       3.866486148823e-02       1.753038794664e+04 
       3.885271293084e-02       1.744814062546e+04 
       3.904239316517e-02       1.736564333946e+04 
       3.923397366385e-02       1.728445893027e+04 
       3.942752973178e-02       1.720191657560e+04 
       3.962314077872e-02       1.711945861978e+04 
       3.982089061621e-02       1.703619474966e+04 
       4.002086778162e-02       1.695350253486e+04 
       4.022316589211e-02       1.687102721636e+04 
       4.042788403204e-02       1.678867115080e+04 
       4.063512717751e-02       1.670588534725e+04 
       4.084500666239e-02       1.662319062697e+04 
       4.105764069077e-02       1.653990930762e+04 
       4.127315490130e-02       1.645807007862e+04 
       4.149168298989e-02       1.637530016112e+04 
       4.171336739805e-02       1.629242188796e+04 
       4.193836007515e-02       1.620909897219e+04 
       4.216682332421e-02       1.612632304443e+04 
       4.239893074239e-02       1.604313638076e+04 
       4.263486826884e-02       1.595956970330e+04 
       4.287483535478e-02       1.587665542913e+04 
       4.311904627301e-02       1.579325867179e+04 
       4.336773158698e-02       1.570902343096e+04 
       4.362113980272e-02       1.562520431334e+04 
       4.387953923131e-02       1.554119198972e+04 
       4.414322009407e-02       1.545724846968e+04 
       4.441249690879e-02       1.537237563120e+04 
       4.468771120210e-02       1.528747017987e+04 
       4.496923460176e-02       1.520233335200e+04 
       4.525747237301e-02       1.511682249128e+04 
       4.555286747562e-02       1.503006006781e+04 
       4.585590523406e-02       1.494381836802e+04 
       4.616711873196e-02       1.485714973168e+04 
       4.648709506593e-02       1.477003650279e+04 
       4.681648262288e-02       1.468242805630e+04 
       4.715599958146e-02       1.459428050841e+04 
       4.750644388400e-02       1.450562410803e+04 
       4.786870498255e-02       1.441626256386e+04 
       4.824377773487e-02       1.432617387745e+04 
       4.863277891790e-02       1.423534701530e+04 
       4.903696694226e-02       1.414366313880e+04 
       4.945776549922e-02       1.405157402987e+04 
       4.989679206011e-02       1.395794175725e+04 
       5.035589238829e-02       1.386302683471e+04 
       5.083718252923e-02       1.376675406464e+04 
       5.134310013097e-02       1.366968796237e+04 
       5.187646743081e-02       1.357063696108e+04 
       5.244056883835e-02       1.346943868363e+04 
       5.303924675086e-02       1.336622759133e+04 
       5.367702002369e-02       1.325984311734e+04 
       5.435923028503e-02       1.315196824641e+04 
       5.509222178100e-02       1.303919326848e+04 
       5.588356011223e-02       1.292291896679e+04 
       5.674229294729e-02       1.280139012057e+04 
       5.767924936659e-02       1.267372389773e+04 
       5.870735984248e-02       1.253774347240e+04 
       5.984194908769e-02       1.239116781331e+04 
       6.110089889145e-02       1.223211425413e+04 
       6.250448693430e-02       1.205486605149e+04 
       6.407458251770e-02       1.185448927194e+04 
       6.583277167423e-02       1.162351994284e+04 
       6.779705066576e-02       1.135328627115e+04 
       6.997724812940e-02       1.103487372078e+04 
       7.237046618440e-02       1.066127658850e+04 
       7.495897177600e-02       1.022976006571e+04 
       7.771259463480e-02       9.744633841083e+03 
       8.059509329526e-02       9.220913691002e+03 
       8.357128627481e-02       8.675760286413e+03 
       8.661181623920e-02       8.132384279663e+03 
       8.969469792301e-02       7.612305574544e+03 
       9.280465539281e-02       7.132061880348e+03 
       9.593159208876e-02       6.705752585995e+03 
       9.906904700970e-02       6.338994973749e+03 
       1.022129691985e-01       6.032929036901e+03 
       1.053608507604e-01       5.783690755068e+03 
       1.085111510864e-01       5.584348316658e+03 
       1.116629281739e-01       5.424834125432e+03 
       1.148156075925e-01       5.294343102753e+03 
       1.179688395587e-01       5.180324484200e+03 
       1.211224112004e-01       5.072047174502e+03 
       1.242761929504e-01       4.959932497032e+03 
       1.274301058841e-01       4.836292012154e+03 
       1.305841018522e-01       4.696831035948e+03 
       1.337381514068e-01       4.540221406339e+03 
       1.368922364691e-01       4.368504367476e+03 
       1.400463458761e-01       4.184912424637e+03 
       1.432004726769e-01       3.995548122588e+03 
       1.463546124910e-01       3.806103694026e+03 
       1.495087625098e-01       3.622741897838e+03 
       1.526629208910e-01       3.451131906089e+03 
       1.558170863889e-01       3.295007761432e+03 
       1.589712581295e-01       3.156734544716e+03 
       1.621254354734e-01       3.038070296996e+03 
       1.652796179316e-01       2.938058836587e+03 
       1.684338051135e-01       2.855075458859e+03 
       1.715879966950e-01       2.786489693438e+03 
       1.747421923986e-01       2.728718837242e+03 
       1.778963919804e-01       2.678490234013e+03 
       1.810505952222e-01       2.632649856411e+03 
       1.842048019260e-01       2.586923181213e+03 
       1.873590119104e-01       2.538716184631e+03 
       1.905132250081e-01       2.485551067014e+03 
       1.936674410638e-01       2.426509449173e+03 
       1.968216599330e-01       2.361503162684e+03 
       1.999758814809e-01       2.291423021540e+03 
       2.031301055813e-01       2.217856244517e+03 
       2.062843321160e-01       2.142474845039e+03 
       2.094385609740e-01       2.067532723432e+03 
       2.125927920510e-01       1.994860117455e+03 
       2.157470252490e-01       1.926040676157e+03 
       2.189012604756e-01       1.862139706755e+03 
       2.220554976437e-01       1.804238079643e+03 
       2.252097366711e-01       1.752578874355e+03 
       2.283639774803e-01       1.707284738984e+03 
       2.315182199979e-01       1.667757156673e+03 
       2.346724641546e-01       1.633289759379e+03 
       2.378267098848e-01       1.602823843909e+03 
       2.409809571262e-01       1.574957841664e+03 
       2.441352058199e-01       1.548753111691e+03 
       2.472894559100e-01       1.522875615536e+03 
       2.504437073435e-01       1.496451780485e+03 
       2.535979600697e-01       1.468960937196e+03 
       2.567522140409e-01       1.439860207713e+03 
       2.599064692114e-01       1.409086595173e+03 
       2.630607255378e-01       1.376685343331e+03 
       2.662149829788e-01       1.343115051050e+03 
       2.693692414950e-01       1.308824046696e+03 
       2.725235010489e-01       1.274481200230e+03 
       2.756777616046e-01       1.240818903354e+03 
       2.788320231280e-01       1.208432270492e+03 
       2.819862855863e-01       1.177729137083e+03 
       2.851405489485e-01       1.149140642861e+03 
       2.882948131846e-01       1.122851403077e+03 
       2.914490782662e-01       1.098773607690e+03 
       2.946033441659e-01       1.076796508416e+03 
       2.977576108576e-01       1.056679515179e+03 
       3.009118783163e-01       1.038087479712e+03 
       3.040661465180e-01       1.020770867155e+03 
       3.072204154396e-01       1.004210755514e+03 
       3.103746850592e-01       9.880893124592e+02 
       3.135289553555e-01       9.720460017711e+02 
       3.166832263082e-01       9.558310129572e+02 
       3.198374978978e-01       9.393059912647e+02 
       3.229917701056e-01       9.223455718459e+02 
       3.261460429135e-01       9.050026312233e+02 
       3.293003163042e-01       8.873637000642e+02 
       3.324545902611e-01       8.696393004150e+02 
       3.356088647680e-01       8.519573916455e+02 
       3.387631398096e-01       8.345220905364e+02 
       3.419174153711e-01       8.174890363232e+02 
       3.450716914380e-01       8.010417937486e+02 
       3.482259679965e-01       7.852674016048e+02 
       3.513802450335e-01       7.703329525426e+02 
       3.545345225360e-01       7.562087819996e+02 
       3.576888004918e-01       7.429476149925e+02 
       3.608430788887e-01       7.304635985235e+02 
       3.639973577154e-01       7.186298599899e+02 
       3.671516369607e-01       7.073510406732e+02 
       3.703059166139e-01       6.964448817114e+02 
       3.734601966645e-01       6.858212188199e+02 
       3.766144771026e-01       6.753822202410e+02 
       3.797687579185e-01       6.650788754664e+02 
       3.829230391028e-01       6.548021423494e+02 
       3.860773206464e-01       6.445208912944e+02 
       3.892316025405e-01       6.342244578563e+02 
       3.923858847767e-01       6.239206084759e+02 
       3.955401673467e-01       6.136216247055e+02 
       3.986944502427e-01       6.034036094926e+02 
       4.018487334568e-01       5.932971089766e+02 
       4.050030169817e-01       5.833855606269e+02 
       4.081573008100e-01       5.737110337382e+02 
       4.113115849349e-01       5.643131823258e+02 
       4.144658693494e-01       5.552193501651e+02 
       4.176201540471e-01       5.464208014849e+02 
       4.207744390214e-01       5.379331381775e+02 
       4.239287242663e-01       5.297573257565e+02 
       4.270830097756e-01       5.218834929705e+02 
       4.302372955436e-01       5.142868723902e+02 
       4.333915815646e-01       5.069209481618e+02 
       4.365458678331e-01       4.997939566789e+02 
       4.397001543438e-01       4.928258322260e+02 
       4.428544410913e-01       4.859546102718e+02 
       4.460087280708e-01       4.791841486227e+02 
       4.491630152773e-01       4.724997584318e+02 
       4.523173027060e-01       4.658721877240e+02 
       4.554715903523e-01       4.593045580631e+02 
       4.586258782118e-01       4.527939627024e+02 
       4.617801662799e-01       4.463322451980e+02 
       4.649344545525e-01       4.399541548533e+02 
       4.680887430254e-01       4.336527771744e+02 
       4.712430316945e-01       4.274575878062e+02 
       4.743973205560e-01       4.213639796154e+02 
       4.775516096061e-01       4.154137770436e+02 
       4.807058988409e-01       4.096322301127e+02 
       4.838601882569e-01       4.040050853442e+02 
       4.870144778505e-01       3.985341802985e+02 
       4.901687676183e-01       3.932109259797e+02 
       4.933230575570e-01       3.880243629352e+02 
       4.964773476632e-01       3.829647990833e+02 
       4.996316379338e-01       3.780180531955e+02 
       5.027859283658e-01       3.731874126376e+02 
       5.059402189560e-01       3.684548670482e+02 
       5.090945097015e-01       3.637845572406e+02 
       5.122488005994e-01       3.591883685083e+02 
       5.154030916470e-01       3.546472474152e+02 
       5.185573828415e-01       3.501571723147e+02 
       5.217116741802e-01       3.457186647842e+02 
       5.248659656604e-01       3.413365001585e+02 
       5.280202572798e-01       3.370171605109e+02 
       5.311745490357e-01       3.327645568575e+02 
       5.343288409258e-01       3.285820005147e+02 
       5.374831329477e-01       3.244764363755e+02 
       5.406374250991e-01       3.204335521769e+02 
       5.437917173776e-01       3.164564062741e+02 
       5.469460097812e-01       3.125603576920e+02 
       5.501003023076e-01       3.087439924345e+02 
       5.532545949547e-01       3.050093935182e+02 
       5.564088877206e-01       3.013545803550e+02 
       5.595631806031e-01       2.977748443764e+02 
       5.627174736003e-01       2.942634025351e+02 
       5.658717667103e-01       2.908135312396e+02 
       5.690260599312e-01       2.874204742865e+02 
       5.721803532611e-01       2.840872963228e+02 
       5.753346466983e-01       2.808017640652e+02 
       5.784889402410e-01       2.775694466972e+02 
       5.816432338875e-01       2.743813077435e+02 
       5.847975276361e-01       2.712448092940e+02 
       5.879518214851e-01       2.681499852669e+02 
       5.911061154330e-01       2.650950419343e+02 
       5.942604094781e-01       2.620792887090e+02 
       5.974147036189e-01       2.591101912243e+02 
       6.005689978539e-01       2.561810760803e+02 
       6.037232921817e-01       2.533003102447e+02 
       6.068775866007e-01       2.504671730728e+02 
       6.100318811096e-01       2.476805840887e+02 
       6.131861757069e-01       2.449348104004e+02 
       6.163404703914e-01       2.422374152690e+02 
       6.194947651616e-01       2.395832072947e+02 
       6.365703032170e-01       2.259740133889e+02 
       6.538823022144e-01       2.132488477554e+02 
       6.714312288382e-01       2.013169215289e+02 
       6.892196696097e-01       1.901622793128e+02 
       7.072523625557e-01       1.797394449830e+02 
       7.255361704166e-01       1.699667901441e+02 
       7.440800007506e-01       1.607950908151e+02 
       7.628946803926e-01       1.521877584140e+02 
       7.819927930775e-01       1.440975230894e+02 
       8.013884896557e-01       1.364814812171e+02 
       8.210972803253e-01       1.293091014303e+02 
       8.411358178107e-01       1.225519838225e+02 
       8.615216795824e-01       1.161715272717e+02 
       8.822731561711e-01       1.101440176233e+02 
       9.034090514849e-01       1.044455506950e+02 
       9.249484998760e-01       9.905636847810e+01 
       9.469108035645e-01       9.395402519535e+01 
       9.693152929458e-01       8.912180628401e+01 
       9.921812112960e-01       8.454004328341e+01 
       1.015527624457e+00       8.019742507008e+01 
       1.039373355226e+00       7.607365016911e+01 
       1.063736941435e+00       7.216309931801e+01 
       1.088636616017e+00       6.844929994383e+01 
       1.114090306865e+00       6.492463599575e+01 
       1.140115653835e+00       6.157771605665e+01 
       1.166730040017e+00       5.840019204224e+01 
       1.193950634239e+00       5.538230302466e+01 
       1.221794441810e+00       5.251540884522e+01 
       1.250278360637e+00       4.979345573318e+01 
       1.279419240101e+00       4.720861875392e+01 
       1.309233940448e+00       4.475380202904e+01 
       1.339739390791e+00       4.242152495670e+01 
       1.370952644304e+00       4.020831600094e+01 
       1.402890929558e+00       3.810680252455e+01 
       1.435571697386e+00       3.611150737683e+01 
       1.469012662974e+00       3.421690744725e+01 
       1.503231843205e+00       3.241896014167e+01 
       1.538247589468e+00       3.071222206690e+01 
       1.574078616355e+00       2.909257808109e+01 
       1.610744026702e+00       2.755573535022e+01 
       1.648263333557e+00       2.609753356805e+01 
       1.686656479585e+00       2.471440015081e+01 
       1.725943854454e+00       2.340199351891e+01 
       1.766146310648e+00       2.215640713466e+01 
       1.807285178149e+00       2.097505494851e+01 
       1.849382278293e+00       1.985498068130e+01 
       1.892459937115e+00       1.879276682850e+01 
       1.936540998388e+00       1.778583191740e+01 
       1.981648836536e+00       1.683115560037e+01 
       2.027807369550e+00       1.592654785509e+01 
       2.075041071997e+00       1.506919543444e+01 
       2.123374988212e+00       1.425686593570e+01 
       2.172834745699e+00       1.348734992353e+01 
       2.223446568796e+00       1.275860061070e+01 
       2.275237292628e+00       1.206834843555e+01 
       2.328234377355e+00       1.141491793111e+01 
       2.382465922750e+00       1.079625790554e+01 
       2.437960683105e+00       1.021076755967e+01 
       2.494748082480e+00       9.656484898938e+00 
       2.552858230309e+00       9.132018879452e+00 
       2.612321937362e+00       8.635332713376e+00 
       2.673170732084e+00       8.165365462381e+00 
       2.735436877312e+00       7.720481915116e+00 
       2.799153387380e+00       7.299226000429e+00 
       2.864354045625e+00       6.900275089078e+00 
       2.931073422299e+00       6.522467031886e+00 
       2.999346892899e+00       6.164660802151e+00 
       3.069210656922e+00       5.825649558542e+00 
       3.140701757062e+00       5.504604132444e+00 
       3.213858098845e+00       5.200775732851e+00 
       3.288718470733e+00       4.913014101899e+00 
       3.365322564686e+00       4.640833446848e+00 
       3.443710997207e+00       4.383387690677e+00 
       3.523925330882e+00       4.140130760123e+00 
       3.606008096412e+00       3.910260377633e+00 
       3.690002815166e+00       3.692861622241e+00 
       3.775954022256e+00       3.488103464457e+00 
       3.863907290149e+00       3.294638021640e+00 
       3.953909252832e+00       3.111852291360e+00 
       4.046007630537e+00       2.939243372236e+00 
       4.140251255043e+00       2.776039546467e+00 
       4.236690095567e+00       2.621614099315e+00 
       4.335375285259e+00       2.475403053459e+00 
       4.436359148313e+00       2.336873766664e+00 
       4.539695227709e+00       2.205634197256e+00 
       4.645438313605e+00       2.081432896079e+00 
       4.753644472385e+00       1.963994744724e+00 
       4.864371076385e+00       1.853094047519e+00 
       4.977676834318e+00       1.748616203397e+00 
       5.093621822396e+00       1.650137277651e+00 
       5.212267516186e+00       1.557413540836e+00 
       5.333676823206e+00       1.470164345190e+00 
       5.457914116277e+00       1.387715334687e+00 
       5.585045267656e+00       1.309791891459e+00 
       5.715137683964e+00       1.235928755071e+00 
       5.848260341920e+00       1.165882830912e+00 
       5.984483824920e+00       1.099466682419e+00 
       6.123880360458e+00       1.036655731076e+00 
       6.266523858422e+00       9.774653260765e-01 
       6.412489950284e+00       9.218342051318e-01 
       6.561856029196e+00       8.695973363881e-01 
       6.714701291032e+00       8.205035969113e-01 
       6.871106776371e+00       7.741905848690e-01 
       7.031155413473e+00       7.302988713070e-01 
       7.142857142857e+00       7.014955627105e-01 
       7.194932062244e+00       6.885561896165e-01 
       7.362523559231e+00       6.489404253624e-01 
       7.534018763663e+00       6.114937980894e-01 
       7.709508604568e+00       5.763349307633e-01 
       7.889086128982e+00       5.435258560763e-01 
       8.072846551287e+00       5.126725332425e-01 
       8.260887303690e+00       4.835880648254e-01 
       8.453308087887e+00       4.559375705625e-01 
       8.650210927925e+00       4.295862284677e-01 
       8.851700224296e+00       4.045991908941e-01 
       9.057882809292e+00       3.811739915910e-01 
       9.268868003649e+00       3.593458065078e-01 
       9.484767674509e+00       3.389302786025e-01 
       9.705696294736e+00       3.195858159114e-01 
       9.931771003609e+00       3.010843759914e-01 
       1.016311166893e+01       2.834610131564e-01 
