# dimensionless total [l(l+1)/2pi] C_l's
# for l=2 to 2500, i.e. number of multipoles equal to 2499
#
# -> if you prefer output in CAMB/HealPix/LensPix units/order, set 'format' to 'camb' in input file
# -> if you don't want to see such a header, set 'headers' to 'no' in input file
#
# 1:l     2:TT                 
    2       1.319821535937e-10 
    3       1.248448926533e-10 
    4       1.178471123842e-10 
    5       1.124487748399e-10 
    6       1.086023377554e-10 
    7       1.060140810911e-10 
    8       1.044881168836e-10 
    9       1.036911416242e-10 
   10       1.035100683502e-10 
   11       1.037772957698e-10 
   12       1.043847739238e-10 
   13       1.052690163754e-10 
   14       1.063931031199e-10 
   15       1.076791798309e-10 
   16       1.091001084654e-10 
   17       1.106307111950e-10 
   18       1.122841215741e-10 
   19       1.140495680377e-10 
   20       1.158542062826e-10 
   21       1.177154388731e-10 
   22       1.196493896725e-10 
   23       1.216472242502e-10 
   24       1.236754052633e-10 
   25       1.257456288635e-10 
   26       1.278677053235e-10 
   27       1.300342806711e-10 
   28       1.322250641514e-10 
   29       1.344473622304e-10 
   30       1.367069193767e-10 
   31       1.389997063120e-10 
   32       1.413277813728e-10 
   33       1.436868627636e-10 
   34       1.460661299972e-10 
   35       1.484665285973e-10 
   36       1.508872416995e-10 
   37       1.533242677093e-10 
   38       1.557849024860e-10 
   39       1.582770491568e-10 
   40       1.608047527412e-10 
   41       1.633682350049e-10 
   42       1.659651210081e-10 
   43       1.685888358137e-10 
   44       1.712277238565e-10 
   45       1.738698699743e-10 
   46       1.765202871070e-10 
   47       1.791881409506e-10 
   48       1.818818267847e-10 
   49       1.846088448515e-10 
   50       1.873746745859e-10 
   51       1.901793261775e-10 
   52       1.930196375540e-10 
   53       1.958900260604e-10 
   54       1.987823167254e-10 
   55       2.016885682441e-10 
   56       2.046107664579e-10 
   57       2.075532381381e-10 
   58       2.105198105050e-10 
   59       2.135137562884e-10 
   60       2.165377387879e-10 
   61       2.195938185759e-10 
   62       2.226835996550e-10 
   63       2.258080187652e-10 
   64       2.289672347016e-10 
   65       2.321605753303e-10 
   66       2.353864846049e-10 
   67       2.386424695823e-10 
   68       2.419260780972e-10 
   69       2.452381802604e-10 
   70       2.485802597507e-10 
   71       2.519534158419e-10 
   72       2.553583367785e-10 
   73       2.587952731514e-10 
   74       2.622640112732e-10 
   75       2.657638465546e-10 
   76       2.692940627564e-10 
   77       2.728555294953e-10 
   78       2.764493490336e-10 
   79       2.800763602583e-10 
   80       2.837371224295e-10 
   81       2.874318989304e-10 
   82       2.911606410158e-10 
   83       2.949229715615e-10 
   84       2.987184420915e-10 
   85       3.025473884142e-10 
   86       3.064101876972e-10 
   87       3.103069863141e-10 
   88       3.142376881873e-10 
   89       3.182019431296e-10 
   90       3.221991351863e-10 
   91       3.262283709774e-10 
   92       3.302884680392e-10 
   93       3.343783055424e-10 
   94       3.384979621035e-10 
   95       3.426477283418e-10 
   96       3.468277531579e-10 
   97       3.510380370499e-10 
   98       3.552784254294e-10 
   99       3.595486019382e-10 
  100       3.638480817645e-10 
  101       3.681762049591e-10 
  102       3.725321297517e-10 
  103       3.769148258673e-10 
  104       3.813232846006e-10 
  105       3.857571957537e-10 
  106       3.902163501081e-10 
  107       3.947004265828e-10 
  108       3.992089879323e-10 
  109       4.037414764452e-10 
  110       4.082972096421e-10 
  111       4.128753759741e-10 
  112       4.174750305209e-10 
  113       4.220950906891e-10 
  114       4.267343319108e-10 
  115       4.313913833411e-10 
  116       4.360649149826e-10 
  117       4.407542340628e-10 
  118       4.454587534240e-10 
  119       4.501778040054e-10 
  120       4.549106322330e-10 
  121       4.596563974115e-10 
  122       4.644141691142e-10 
  123       4.691829245740e-10 
  124       4.739615460745e-10 
  125       4.787488183407e-10 
  126       4.835434259293e-10 
  127       4.883439506202e-10 
  128       4.931488688069e-10 
  129       4.979566999035e-10 
  130       5.027664755157e-10 
  131       5.075773170472e-10 
  132       5.123882877833e-10 
  133       5.171983913630e-10 
  134       5.220065702494e-10 
  135       5.268117042021e-10 
  136       5.316126087478e-10 
  137       5.364080336524e-10 
  138       5.411966613917e-10 
  139       5.459771056235e-10 
  140       5.507479096585e-10 
  141       5.555075449320e-10 
  142       5.602544094750e-10 
  143       5.649868263861e-10 
  144       5.697031720291e-10 
  145       5.744022780982e-10 
  146       5.790830664701e-10 
  147       5.837444222605e-10 
  148       5.883851930407e-10 
  149       5.930041880551e-10 
  150       5.976001774378e-10 
  151       6.021718914296e-10 
  152       6.067180195953e-10 
  153       6.112372100401e-10 
  154       6.157280686272e-10 
  155       6.201891581940e-10 
  156       6.246189977699e-10 
  157       6.290160617927e-10 
  158       6.333787793257e-10 
  159       6.377055332746e-10 
  160       6.419946596048e-10 
  161       6.462445580652e-10 
  162       6.504540370078e-10 
  163       6.546219977075e-10 
  164       6.587473253287e-10 
  165       6.628288886560e-10 
  166       6.668655398237e-10 
  167       6.708561140460e-10 
  168       6.747994293472e-10 
  169       6.786942862913e-10 
  170       6.825394677122e-10 
  171       6.863337384438e-10 
  172       6.900758450497e-10 
  173       6.937645155535e-10 
  174       6.973984591686e-10 
  175       7.009763660282e-10 
  176       7.044969069156e-10 
  177       7.079587329936e-10 
  178       7.113604755349e-10 
  179       7.147007456524e-10 
  180       7.179782212275e-10 
  181       7.211919159896e-10 
  182       7.243409313570e-10 
  183       7.274243712104e-10 
  184       7.304413419444e-10 
  185       7.333909525186e-10 
  186       7.362723145084e-10 
  187       7.390845421566e-10 
  188       7.418267524245e-10 
  189       7.444980650430e-10 
  190       7.470976025635e-10 
  191       7.496244904097e-10 
  192       7.520778569281e-10 
  193       7.544568334396e-10 
  194       7.567605542907e-10 
  195       7.589881569041e-10 
  196       7.611387818308e-10 
  197       7.632115728003e-10 
  198       7.652056767725e-10 
  199       7.671202439885e-10 
  200       7.689544280218e-10 
  201       7.707074445760e-10 
  202       7.723787524514e-10 
  203       7.739678856187e-10 
  204       7.754743958576e-10 
  205       7.768978529821e-10 
  206       7.782378450647e-10 
  207       7.794939786618e-10 
  208       7.806658790379e-10 
  209       7.817531903909e-10 
  210       7.827555760766e-10 
  211       7.836727188335e-10 
  212       7.845043210079e-10 
  213       7.852501047781e-10 
  214       7.859098123800e-10 
  215       7.864832063311e-10 
  216       7.869700696559e-10 
  217       7.873702061104e-10 
  218       7.876834404067e-10 
  219       7.879096184385e-10 
  220       7.880486075050e-10 
  221       7.881002965364e-10 
  222       7.880645963183e-10 
  223       7.879414397169e-10 
  224       7.877308017881e-10 
  225       7.874327610789e-10 
  226       7.870474427029e-10 
  227       7.865749990809e-10 
  228       7.860156102127e-10 
  229       7.853694839491e-10 
  230       7.846368562643e-10 
  231       7.838179915279e-10 
  232       7.829131827773e-10 
  233       7.819227519893e-10 
  234       7.808470503528e-10 
  235       7.796864585406e-10 
  236       7.784413869818e-10 
  237       7.771122761337e-10 
  238       7.756995967539e-10 
  239       7.742038501729e-10 
  240       7.726255685655e-10 
  241       7.709653152239e-10 
  242       7.692236848287e-10 
  243       7.674013037221e-10 
  244       7.654988301795e-10 
  245       7.635169546815e-10 
  246       7.614564001865e-10 
  247       7.593179224025e-10 
  248       7.571023100594e-10 
  249       7.548103851811e-10 
  250       7.524429750504e-10 
  251       7.500008257480e-10 
  252       7.474846841512e-10 
  253       7.448953260092e-10 
  254       7.422335561612e-10 
  255       7.395002087539e-10 
  256       7.366961474600e-10 
  257       7.338222656959e-10 
  258       7.308794868398e-10 
  259       7.278687644500e-10 
  260       7.247910824824e-10 
  261       7.216474555087e-10 
  262       7.184389289348e-10 
  263       7.151665792181e-10 
  264       7.118315140862e-10 
  265       7.084348727542e-10 
  266       7.049778261434e-10 
  267       7.014615770990e-10 
  268       6.978873606079e-10 
  269       6.942564440171e-10 
  270       6.905701272515e-10 
  271       6.868297430318e-10 
  272       6.830366570929e-10 
  273       6.791922684014e-10 
  274       6.752980093739e-10 
  275       6.713553460952e-10 
  276       6.673657785358e-10 
  277       6.633308407702e-10 
  278       6.592521011951e-10 
  279       6.551310788842e-10 
  280       6.509689874085e-10 
  281       6.467669781684e-10 
  282       6.425262231502e-10 
  283       6.382479150148e-10 
  284       6.339332671873e-10 
  285       6.295835139460e-10 
  286       6.251999105115e-10 
  287       6.207837331360e-10 
  288       6.163362791926e-10 
  289       6.118588672643e-10 
  290       6.073528372331e-10 
  291       6.028195503696e-10 
  292       5.982603894217e-10 
  293       5.936767587041e-10 
  294       5.890700841875e-10 
  295       5.844418135874e-10 
  296       5.797934164538e-10 
  297       5.751263842601e-10 
  298       5.704422304924e-10 
  299       5.657424907384e-10 
  300       5.610287227771e-10 
  301       5.563025066675e-10 
  302       5.515654448381e-10 
  303       5.468191621759e-10 
  304       5.420653061156e-10 
  305       5.373055467291e-10 
  306       5.325415768142e-10 
  307       5.277751119840e-10 
  308       5.230078907563e-10 
  309       5.182416746424e-10 
  310       5.134782482365e-10 
  311       5.087194193051e-10 
  312       5.039668954526e-10 
  313       4.992219076118e-10 
  314       4.944855692582e-10 
  315       4.897589981955e-10 
  316       4.850433164932e-10 
  317       4.803396504241e-10 
  318       4.756491304021e-10 
  319       4.709728909192e-10 
  320       4.663120704836e-10 
  321       4.616678115568e-10 
  322       4.570412604913e-10 
  323       4.524335674681e-10 
  324       4.478458864343e-10 
  325       4.432793750405e-10 
  326       4.387351945782e-10 
  327       4.342145099177e-10 
  328       4.297184894455e-10 
  329       4.252483050014e-10 
  330       4.208051318167e-10 
  331       4.163901484512e-10 
  332       4.120045367310e-10 
  333       4.076494816859e-10 
  334       4.033261714870e-10 
  335       3.990357973841e-10 
  336       3.947795536433e-10 
  337       3.905586374847e-10 
  338       3.863742490196e-10 
  339       3.822275911882e-10 
  340       3.781198696971e-10 
  341       3.740522929570e-10 
  342       3.700260720197e-10 
  343       3.660424205164e-10 
  344       3.621025545944e-10 
  345       3.582076928552e-10 
  346       3.543590562919e-10 
  347       3.505578682266e-10 
  348       3.468053542481e-10 
  349       3.431026360403e-10 
  350       3.394504081299e-10 
  351       3.358492475894e-10 
  352       3.322997187681e-10 
  353       3.288023731259e-10 
  354       3.253577490662e-10 
  355       3.219663717691e-10 
  356       3.186287530250e-10 
  357       3.153453910676e-10 
  358       3.121167704075e-10 
  359       3.089433616650e-10 
  360       3.058256214039e-10 
  361       3.027639919645e-10 
  362       2.997589012969e-10 
  363       2.968107627942e-10 
  364       2.939199751262e-10 
  365       2.910869220721e-10 
  366       2.883119723542e-10 
  367       2.855954794711e-10 
  368       2.829377815307e-10 
  369       2.803392010839e-10 
  370       2.778000449578e-10 
  371       2.753206040886e-10 
  372       2.729011533554e-10 
  373       2.705419514131e-10 
  374       2.682432405259e-10 
  375       2.660052464004e-10 
  376       2.638281780192e-10 
  377       2.617122274737e-10 
  378       2.596575697980e-10 
  379       2.576643628015e-10 
  380       2.557327469028e-10 
  381       2.538628449625e-10 
  382       2.520547621168e-10 
  383       2.503085856106e-10 
  384       2.486243846310e-10 
  385       2.470022101402e-10 
  386       2.454420947093e-10 
  387       2.439440523511e-10 
  388       2.425080596171e-10 
  389       2.411339984486e-10 
  390       2.398217108607e-10 
  391       2.385710173048e-10 
  392       2.373817164869e-10 
  393       2.362535851859e-10 
  394       2.351863780724e-10 
  395       2.341798275265e-10 
  396       2.332336434567e-10 
  397       2.323475131179e-10 
  398       2.315211009303e-10 
  399       2.307540482970e-10 
  400       2.300459734231e-10 
  401       2.293964711338e-10 
  402       2.288051126928e-10 
  403       2.282714456207e-10 
  404       2.277949935132e-10 
  405       2.273752558600e-10 
  406       2.270117078626e-10 
  407       2.267038002529e-10 
  408       2.264509591119e-10 
  409       2.262525856874e-10 
  410       2.261080562133e-10 
  411       2.260167217270e-10 
  412       2.259779078886e-10 
  413       2.259909147988e-10 
  414       2.260550168174e-10 
  415       2.261694623819e-10 
  416       2.263334738256e-10 
  417       2.265462471960e-10 
  418       2.268069520735e-10 
  419       2.271147313894e-10 
  420       2.274687012445e-10 
  421       2.278679507275e-10 
  422       2.283115417332e-10 
  423       2.287985087812e-10 
  424       2.293278588340e-10 
  425       2.298985711155e-10 
  426       2.305095969293e-10 
  427       2.311599432100e-10 
  428       2.318489266775e-10 
  429       2.325759279726e-10 
  430       2.333403085786e-10 
  431       2.341414106953e-10 
  432       2.349785571121e-10 
  433       2.358510510813e-10 
  434       2.367581761914e-10 
  435       2.376991962410e-10 
  436       2.386733551115e-10 
  437       2.396798766406e-10 
  438       2.407179644961e-10 
  439       2.417868020489e-10 
  440       2.428855522463e-10 
  441       2.440133574857e-10 
  442       2.451693394876e-10 
  443       2.463525991692e-10 
  444       2.475622165177e-10 
  445       2.487972504638e-10 
  446       2.500567387546e-10 
  447       2.513396978276e-10 
  448       2.526451226838e-10 
  449       2.539719867607e-10 
  450       2.553192418064e-10 
  451       2.566858177522e-10 
  452       2.580706225866e-10 
  453       2.594725422284e-10 
  454       2.608904403998e-10 
  455       2.623231585002e-10 
  456       2.637695154796e-10 
  457       2.652283077113e-10 
  458       2.666983088662e-10 
  459       2.681782697853e-10 
  460       2.696669183538e-10 
  461       2.711629593738e-10 
  462       2.726650744383e-10 
  463       2.741719218041e-10 
  464       2.756821362653e-10 
  465       2.771943290268e-10 
  466       2.787072329051e-10 
  467       2.802201431742e-10 
  468       2.817324902250e-10 
  469       2.832436954335e-10 
  470       2.847531711153e-10 
  471       2.862603204787e-10 
  472       2.877645375780e-10 
  473       2.892652072674e-10 
  474       2.907617051544e-10 
  475       2.922533975530e-10 
  476       2.937396414375e-10 
  477       2.952197843961e-10 
  478       2.966931645840e-10 
  479       2.981591106772e-10 
  480       2.996169418261e-10 
  481       3.010659676087e-10 
  482       3.025054879841e-10 
  483       3.039347932465e-10 
  484       3.053531639779e-10 
  485       3.067598710025e-10 
  486       3.081541753394e-10 
  487       3.095353281566e-10 
  488       3.109025707243e-10 
  489       3.122551343685e-10 
  490       3.135922404245e-10 
  491       3.149131001903e-10 
  492       3.162169148801e-10 
  493       3.175028755779e-10 
  494       3.187701631909e-10 
  495       3.200179484034e-10 
  496       3.212453916295e-10 
  497       3.224516429673e-10 
  498       3.236358421523e-10 
  499       3.247971185104e-10 
  500       3.259345909122e-10 
  501       3.270473677258e-10 
  502       3.281345467706e-10 
  503       3.291952152709e-10 
  504       3.302284498093e-10 
  505       3.312334509571e-10 
  506       3.322099515267e-10 
  507       3.331578199893e-10 
  508       3.340769268775e-10 
  509       3.349671448030e-10 
  510       3.358283484724e-10 
  511       3.366604147045e-10 
  512       3.374632224472e-10 
  513       3.382366527935e-10 
  514       3.389805889991e-10 
  515       3.396949164985e-10 
  516       3.403795229223e-10 
  517       3.410342981134e-10 
  518       3.416591341442e-10 
  519       3.422539253331e-10 
  520       3.428185682611e-10 
  521       3.433529617891e-10 
  522       3.438570070742e-10 
  523       3.443306075864e-10 
  524       3.447736691256e-10 
  525       3.451860998383e-10 
  526       3.455678102342e-10 
  527       3.459187132031e-10 
  528       3.462387240316e-10 
  529       3.465277604198e-10 
  530       3.467857424981e-10 
  531       3.470125928441e-10 
  532       3.472082364988e-10 
  533       3.473726009840e-10 
  534       3.475056163189e-10 
  535       3.476072150364e-10 
  536       3.476773322005e-10 
  537       3.477159054224e-10 
  538       3.477228748779e-10 
  539       3.476981833235e-10 
  540       3.476417761138e-10 
  541       3.475536012176e-10 
  542       3.474336092352e-10 
  543       3.472817534148e-10 
  544       3.470980521389e-10 
  545       3.468827781870e-10 
  546       3.466362745707e-10 
  547       3.463588925636e-10 
  548       3.460509917442e-10 
  549       3.457129400372e-10 
  550       3.453451137558e-10 
  551       3.449478976440e-10 
  552       3.445216849182e-10 
  553       3.440668773094e-10 
  554       3.435838851052e-10 
  555       3.430731271922e-10 
  556       3.425350310973e-10 
  557       3.419700330304e-10 
  558       3.413785779262e-10 
  559       3.407611194859e-10 
  560       3.401181202200e-10 
  561       3.394500514895e-10 
  562       3.387573935485e-10 
  563       3.380406355859e-10 
  564       3.373002757678e-10 
  565       3.365368212791e-10 
  566       3.357507883658e-10 
  567       3.349427023770e-10 
  568       3.341130978068e-10 
  569       3.332625183366e-10 
  570       3.323915168769e-10 
  571       3.315006556093e-10 
  572       3.305905060288e-10 
  573       3.296616489855e-10 
  574       3.287146747268e-10 
  575       3.277501829398e-10 
  576       3.267687827923e-10 
  577       3.257710929762e-10 
  578       3.247577417483e-10 
  579       3.237293669731e-10 
  580       3.226866161645e-10 
  581       3.216301465280e-10 
  582       3.205606250027e-10 
  583       3.194787010527e-10 
  584       3.183849242100e-10 
  585       3.172798245549e-10 
  586       3.161639398122e-10 
  587       3.150378153841e-10 
  588       3.139020043818e-10 
  589       3.127570676588e-10 
  590       3.116035738428e-10 
  591       3.104420993683e-10 
  592       3.092732285090e-10 
  593       3.080975534101e-10 
  594       3.069156741212e-10 
  595       3.057281986280e-10 
  596       3.045357428854e-10 
  597       3.033389308495e-10 
  598       3.021383945101e-10 
  599       3.009347739235e-10 
  600       2.997287172442e-10 
  601       2.985208807582e-10 
  602       2.973119289146e-10 
  603       2.961025343586e-10 
  604       2.948933779638e-10 
  605       2.936851488645e-10 
  606       2.924785444880e-10 
  607       2.912742705876e-10 
  608       2.900730412743e-10 
  609       2.888755790499e-10 
  610       2.876826148388e-10 
  611       2.864948880209e-10 
  612       2.853131464638e-10 
  613       2.841381465554e-10 
  614       2.829706532361e-10 
  615       2.818114400315e-10 
  616       2.806612890844e-10 
  617       2.795209911878e-10 
  618       2.783913458168e-10 
  619       2.772731611614e-10 
  620       2.761672541588e-10 
  621       2.750744505257e-10 
  622       2.739954998342e-10 
  623       2.729308184887e-10 
  624       2.718807407919e-10 
  625       2.708456033631e-10 
  626       2.698257451439e-10 
  627       2.688215074046e-10 
  628       2.678332337502e-10 
  629       2.668612701265e-10 
  630       2.659059648261e-10 
  631       2.649676684950e-10 
  632       2.640467341380e-10 
  633       2.631435171255e-10 
  634       2.622583751992e-10 
  635       2.613916684783e-10 
  636       2.605437594658e-10 
  637       2.597150130543e-10 
  638       2.589057965325e-10 
  639       2.581164795909e-10 
  640       2.573474343283e-10 
  641       2.565990352577e-10 
  642       2.558716593125e-10 
  643       2.551656858525e-10 
  644       2.544814966703e-10 
  645       2.538194759971e-10 
  646       2.531800105090e-10 
  647       2.525634893330e-10 
  648       2.519703040532e-10 
  649       2.514008487171e-10 
  650       2.508555198413e-10 
  651       2.503347164179e-10 
  652       2.498388399207e-10 
  653       2.493682943109e-10 
  654       2.489234860440e-10 
  655       2.485048240748e-10 
  656       2.481127198648e-10 
  657       2.477475873870e-10 
  658       2.474098431333e-10 
  659       2.470999061195e-10 
  660       2.468181978923e-10 
  661       2.465650588413e-10 
  662       2.463404950986e-10 
  663       2.461444260703e-10 
  664       2.459767676077e-10 
  665       2.458374319907e-10 
  666       2.457263279105e-10 
  667       2.456433604533e-10 
  668       2.455884310832e-10 
  669       2.455614376253e-10 
  670       2.455622742491e-10 
  671       2.455908314516e-10 
  672       2.456469960401e-10 
  673       2.457306511161e-10 
  674       2.458416760578e-10 
  675       2.459799465035e-10 
  676       2.461453343348e-10 
  677       2.463377076599e-10 
  678       2.465569307964e-10 
  679       2.468028642547e-10 
  680       2.470753647215e-10 
  681       2.473742850421e-10 
  682       2.476994742044e-10 
  683       2.480507773218e-10 
  684       2.484280356161e-10 
  685       2.488310864010e-10 
  686       2.492597630653e-10 
  687       2.497138950556e-10 
  688       2.501933078601e-10 
  689       2.506978229912e-10 
  690       2.512272579692e-10 
  691       2.517814263051e-10 
  692       2.523601374837e-10 
  693       2.529631969470e-10 
  694       2.535904060775e-10 
  695       2.542415621809e-10 
  696       2.549164584697e-10 
  697       2.556148840462e-10 
  698       2.563366238854e-10 
  699       2.570814588189e-10 
  700       2.578491336501e-10 
  701       2.586392608078e-10 
  702       2.594514146527e-10 
  703       2.602851631385e-10 
  704       2.611400677866e-10 
  705       2.620156836620e-10 
  706       2.629115593487e-10 
  707       2.638272369247e-10 
  708       2.647622519377e-10 
  709       2.657161333803e-10 
  710       2.666884036656e-10 
  711       2.676785786022e-10 
  712       2.686861673698e-10 
  713       2.697106724949e-10 
  714       2.707515898253e-10 
  715       2.718084085065e-10 
  716       2.728806109563e-10 
  717       2.739676728406e-10 
  718       2.750690630485e-10 
  719       2.761842436679e-10 
  720       2.773126699608e-10 
  721       2.784537903387e-10 
  722       2.796070463378e-10 
  723       2.807718725946e-10 
  724       2.819476968211e-10 
  725       2.831339397803e-10 
  726       2.843300152617e-10 
  727       2.855353300562e-10 
  728       2.867492839320e-10 
  729       2.879712696097e-10 
  730       2.892006727376e-10 
  731       2.904368718675e-10 
  732       2.916792384295e-10 
  733       2.929271367078e-10 
  734       2.941799238158e-10 
  735       2.954369496718e-10 
  736       2.966975569740e-10 
  737       2.979610811761e-10 
  738       2.992268504626e-10 
  739       3.004942201933e-10 
  740       3.017626770317e-10 
  741       3.030317368229e-10 
  742       3.043009102939e-10 
  743       3.055697030362e-10 
  744       3.068376154891e-10 
  745       3.081041429224e-10 
  746       3.093687754195e-10 
  747       3.106309978602e-10 
  748       3.118902899036e-10 
  749       3.131461259714e-10 
  750       3.143979752302e-10 
  751       3.156453015751e-10 
  752       3.168875636122e-10 
  753       3.181242146419e-10 
  754       3.193547026412e-10 
  755       3.205784702475e-10 
  756       3.217949547409e-10 
  757       3.230035880273e-10 
  758       3.242037966215e-10 
  759       3.253950016299e-10 
  760       3.265766187335e-10 
  761       3.277480581712e-10 
  762       3.289087247221e-10 
  763       3.300580176888e-10 
  764       3.311953308805e-10 
  765       3.323200525956e-10 
  766       3.334315656049e-10 
  767       3.345292471341e-10 
  768       3.356124688475e-10 
  769       3.366805968302e-10 
  770       3.377329915714e-10 
  771       3.387690079474e-10 
  772       3.397879952042e-10 
  773       3.407892969407e-10 
  774       3.417722510917e-10 
  775       3.427361899107e-10 
  776       3.436804399528e-10 
  777       3.446043220576e-10 
  778       3.455072261904e-10 
  779       3.463888375370e-10 
  780       3.472489146153e-10 
  781       3.480872147982e-10 
  782       3.489034943122e-10 
  783       3.496975082351e-10 
  784       3.504690104932e-10 
  785       3.512177538596e-10 
  786       3.519434899518e-10 
  787       3.526459692293e-10 
  788       3.533249409916e-10 
  789       3.539801533759e-10 
  790       3.546113533548e-10 
  791       3.552182867339e-10 
  792       3.558006981501e-10 
  793       3.563583310686e-10 
  794       3.568909277814e-10 
  795       3.573982294044e-10 
  796       3.578799758757e-10 
  797       3.583359059532e-10 
  798       3.587657572120e-10 
  799       3.591692660428e-10 
  800       3.595461676491e-10 
  801       3.598961960452e-10 
  802       3.602190840540e-10 
  803       3.605145633047e-10 
  804       3.607823642305e-10 
  805       3.610222160665e-10 
  806       3.612338468473e-10 
  807       3.614169834049e-10 
  808       3.615713513664e-10 
  809       3.616966751517e-10 
  810       3.617926779713e-10 
  811       3.618590818242e-10 
  812       3.618956074955e-10 
  813       3.619019745541e-10 
  814       3.618779013507e-10 
  815       3.618231050153e-10 
  816       3.617373014551e-10 
  817       3.616202746351e-10 
  818       3.614720857808e-10 
  819       3.612928679078e-10 
  820       3.610827568880e-10 
  821       3.608418914592e-10 
  822       3.605704132361e-10 
  823       3.602684667199e-10 
  824       3.599361993088e-10 
  825       3.595737613081e-10 
  826       3.591813059402e-10 
  827       3.587589893553e-10 
  828       3.583069706411e-10 
  829       3.578254118334e-10 
  830       3.573144779259e-10 
  831       3.567743368808e-10 
  832       3.562051596386e-10 
  833       3.556071201287e-10 
  834       3.549803952793e-10 
  835       3.543251650277e-10 
  836       3.536416123307e-10 
  837       3.529299231742e-10 
  838       3.521902865843e-10 
  839       3.514228946367e-10 
  840       3.506279424673e-10 
  841       3.498056282822e-10 
  842       3.489561533683e-10 
  843       3.480797221028e-10 
  844       3.471765419642e-10 
  845       3.462468235419e-10 
  846       3.452907805466e-10 
  847       3.443086298207e-10 
  848       3.433005913480e-10 
  849       3.422668882646e-10 
  850       3.412077468684e-10 
  851       3.401233966297e-10 
  852       3.390140702014e-10 
  853       3.378800034290e-10 
  854       3.367214353611e-10 
  855       3.355386082591e-10 
  856       3.343317928440e-10 
  857       3.331013644860e-10 
  858       3.318477283339e-10 
  859       3.305712942115e-10 
  860       3.292724766316e-10 
  861       3.279516948105e-10 
  862       3.266093726823e-10 
  863       3.252459389131e-10 
  864       3.238618269156e-10 
  865       3.224574748632e-10 
  866       3.210333257044e-10 
  867       3.195898271770e-10 
  868       3.181274318229e-10 
  869       3.166465970017e-10 
  870       3.151477849056e-10 
  871       3.136314625735e-10 
  872       3.120981019054e-10 
  873       3.105481796767e-10 
  874       3.089821775525e-10 
  875       3.074005821018e-10 
  876       3.058038848124e-10 
  877       3.041925821043e-10 
  878       3.025671753449e-10 
  879       3.009281708628e-10 
  880       2.992760799624e-10 
  881       2.976114189381e-10 
  882       2.959347090885e-10 
  883       2.942464767311e-10 
  884       2.925472532162e-10 
  885       2.908375749416e-10 
  886       2.891179833667e-10 
  887       2.873890250270e-10 
  888       2.856512515481e-10 
  889       2.839052196604e-10 
  890       2.821514912133e-10 
  891       2.803906331894e-10 
  892       2.786232177191e-10 
  893       2.768498220945e-10 
  894       2.750710287843e-10 
  895       2.732873971290e-10 
  896       2.714993778935e-10 
  897       2.697073973492e-10 
  898       2.679118854766e-10 
  899       2.661132759748e-10 
  900       2.643120062725e-10 
  901       2.625085175372e-10 
  902       2.607032546859e-10 
  903       2.588966663947e-10 
  904       2.570892051095e-10 
  905       2.552813270554e-10 
  906       2.534734922475e-10 
  907       2.516661645003e-10 
  908       2.498598114382e-10 
  909       2.480549045058e-10 
  910       2.462519189772e-10 
  911       2.444513339670e-10 
  912       2.426536324397e-10 
  913       2.408593012204e-10 
  914       2.390688310042e-10 
  915       2.372827163668e-10 
  916       2.355014557746e-10 
  917       2.337255515944e-10 
  918       2.319555101039e-10 
  919       2.301918415015e-10 
  920       2.284350599164e-10 
  921       2.266856834192e-10 
  922       2.249442340312e-10 
  923       2.232112377350e-10 
  924       2.214872244845e-10 
  925       2.197727282149e-10 
  926       2.180682868530e-10 
  927       2.163744423269e-10 
  928       2.146917405766e-10 
  929       2.130207315637e-10 
  930       2.113619692815e-10 
  931       2.097160117653e-10 
  932       2.080834211025e-10 
  933       2.064647634425e-10 
  934       2.048605487465e-10 
  935       2.032710489837e-10 
  936       2.016964771130e-10 
  937       2.001370470872e-10 
  938       1.985929738547e-10 
  939       1.970644733616e-10 
  940       1.955517625535e-10 
  941       1.940550593770e-10 
  942       1.925745827819e-10 
  943       1.911105527226e-10 
  944       1.896631901604e-10 
  945       1.882327170648e-10 
  946       1.868193564156e-10 
  947       1.854233322049e-10 
  948       1.840448694384e-10 
  949       1.826841941377e-10 
  950       1.813415333416e-10 
  951       1.800171151084e-10 
  952       1.787111685177e-10 
  953       1.774239236716e-10 
  954       1.761556116973e-10 
  955       1.749064647484e-10 
  956       1.736767160069e-10 
  957       1.724665996848e-10 
  958       1.712763510263e-10 
  959       1.701062063094e-10 
  960       1.689564028474e-10 
  961       1.678271789914e-10 
  962       1.667187741314e-10 
  963       1.656314286986e-10 
  964       1.645653841670e-10 
  965       1.635208830553e-10 
  966       1.624981689285e-10 
  967       1.614974864001e-10 
  968       1.605190811334e-10 
  969       1.595631998439e-10 
  970       1.586300903006e-10 
  971       1.577200013280e-10 
  972       1.568331828081e-10 
  973       1.559698297164e-10 
  974       1.551299133070e-10 
  975       1.543133473974e-10 
  976       1.535200440988e-10 
  977       1.527499138109e-10 
  978       1.520028652166e-10 
  979       1.512788052766e-10 
  980       1.505776392245e-10 
  981       1.498992705610e-10 
  982       1.492436010490e-10 
  983       1.486105307084e-10 
  984       1.479999578105e-10 
  985       1.474117788727e-10 
  986       1.468458886536e-10 
  987       1.463021801475e-10 
  988       1.457805445792e-10 
  989       1.452808713984e-10 
  990       1.448030482750e-10 
  991       1.443469610933e-10 
  992       1.439124939470e-10 
  993       1.434995291339e-10 
  994       1.431079471506e-10 
  995       1.427376266871e-10 
  996       1.423884446217e-10 
  997       1.420602760156e-10 
  998       1.417529941078e-10 
  999       1.414664703096e-10 
 1000       1.412005741995e-10 
 1001       1.409551735176e-10 
 1002       1.407301341610e-10 
 1003       1.405253201778e-10 
 1004       1.403405937621e-10 
 1005       1.401758152490e-10 
 1006       1.400308431088e-10 
 1007       1.399055339421e-10 
 1008       1.397997424745e-10 
 1009       1.397133215511e-10 
 1010       1.396461221314e-10 
 1011       1.395979932840e-10 
 1012       1.395687601011e-10 
 1013       1.395581571034e-10 
 1014       1.395658938635e-10 
 1015       1.395916769908e-10 
 1016       1.396352101242e-10 
 1017       1.396961939240e-10 
 1018       1.397743260637e-10 
 1019       1.398693012227e-10 
 1020       1.399808110780e-10 
 1021       1.401085442968e-10 
 1022       1.402521865280e-10 
 1023       1.404114203949e-10 
 1024       1.405859254871e-10 
 1025       1.407753783526e-10 
 1026       1.409794524902e-10 
 1027       1.411978183412e-10 
 1028       1.414301432820e-10 
 1029       1.416760916160e-10 
 1030       1.419353245656e-10 
 1031       1.422075002646e-10 
 1032       1.424922737504e-10 
 1033       1.427892969558e-10 
 1034       1.430982187014e-10 
 1035       1.434186846877e-10 
 1036       1.437503374870e-10 
 1037       1.440928165360e-10 
 1038       1.444457581277e-10 
 1039       1.448087954032e-10 
 1040       1.451815583444e-10 
 1041       1.455636737660e-10 
 1042       1.459547653073e-10 
 1043       1.463544534247e-10 
 1044       1.467623553837e-10 
 1045       1.471780852511e-10 
 1046       1.476012538871e-10 
 1047       1.480314689372e-10 
 1048       1.484683348250e-10 
 1049       1.489114527435e-10 
 1050       1.493604206480e-10 
 1051       1.498148517693e-10 
 1052       1.502744304538e-10 
 1053       1.507388570842e-10 
 1054       1.512078296223e-10 
 1055       1.516810436035e-10 
 1056       1.521581921306e-10 
 1057       1.526389658680e-10 
 1058       1.531230530363e-10 
 1059       1.536101394055e-10 
 1060       1.540999082903e-10 
 1061       1.545920405432e-10 
 1062       1.550862145494e-10 
 1063       1.555821062207e-10 
 1064       1.560793889894e-10 
 1065       1.565777338028e-10 
 1066       1.570768091173e-10 
 1067       1.575762808923e-10 
 1068       1.580758125847e-10 
 1069       1.585750651427e-10 
 1070       1.590736970002e-10 
 1071       1.595713640709e-10 
 1072       1.600677197425e-10 
 1073       1.605624148704e-10 
 1074       1.610550977727e-10 
 1075       1.615454142235e-10 
 1076       1.620330074476e-10 
 1077       1.625175181145e-10 
 1078       1.629985843323e-10 
 1079       1.634758416422e-10 
 1080       1.639489230126e-10 
 1081       1.644174588330e-10 
 1082       1.648810769085e-10 
 1083       1.653394024535e-10 
 1084       1.657920580864e-10 
 1085       1.662386638232e-10 
 1086       1.666788370721e-10 
 1087       1.671121926273e-10 
 1088       1.675383426635e-10 
 1089       1.679568967298e-10 
 1090       1.683675048582e-10 
 1091       1.687699875340e-10 
 1092       1.691642074561e-10 
 1093       1.695500265794e-10 
 1094       1.699273061129e-10 
 1095       1.702959065183e-10 
 1096       1.706556875086e-10 
 1097       1.710065080467e-10 
 1098       1.713482263436e-10 
 1099       1.716806998571e-10 
 1100       1.720037852903e-10 
 1101       1.723173385901e-10 
 1102       1.726212149457e-10 
 1103       1.729152687867e-10 
 1104       1.731993537825e-10 
 1105       1.734733228399e-10 
 1106       1.737370281021e-10 
 1107       1.739903209470e-10 
 1108       1.742330519859e-10 
 1109       1.744650710616e-10 
 1110       1.746862272475e-10 
 1111       1.748963688455e-10 
 1112       1.750953433849e-10 
 1113       1.752829976207e-10 
 1114       1.754591775321e-10 
 1115       1.756237283213e-10 
 1116       1.757764944116e-10 
 1117       1.759173194460e-10 
 1118       1.760460462859e-10 
 1119       1.761625170095e-10 
 1120       1.762665729100e-10 
 1121       1.763580544946e-10 
 1122       1.764368014828e-10 
 1123       1.765026528047e-10 
 1124       1.765554465997e-10 
 1125       1.765950202151e-10 
 1126       1.766212102043e-10 
 1127       1.766338523256e-10 
 1128       1.766327815405e-10 
 1129       1.766178723095e-10 
 1130       1.765891600541e-10 
 1131       1.765467212638e-10 
 1132       1.764906333440e-10 
 1133       1.764209746184e-10 
 1134       1.763378243310e-10 
 1135       1.762412626485e-10 
 1136       1.761313706625e-10 
 1137       1.760082303921e-10 
 1138       1.758719247858e-10 
 1139       1.757225377240e-10 
 1140       1.755601540214e-10 
 1141       1.753848594290e-10 
 1142       1.751967406365e-10 
 1143       1.749958852747e-10 
 1144       1.747823819178e-10 
 1145       1.745563200856e-10 
 1146       1.743177902456e-10 
 1147       1.740668838157e-10 
 1148       1.738036931662e-10 
 1149       1.735283116221e-10 
 1150       1.732408334657e-10 
 1151       1.729413539384e-10 
 1152       1.726299692434e-10 
 1153       1.723067765477e-10 
 1154       1.719718739846e-10 
 1155       1.716253606560e-10 
 1156       1.712673366345e-10 
 1157       1.708979029658e-10 
 1158       1.705171616710e-10 
 1159       1.701252157489e-10 
 1160       1.697221691782e-10 
 1161       1.693081269199e-10 
 1162       1.688831949197e-10 
 1163       1.684474801098e-10 
 1164       1.680010904119e-10 
 1165       1.675441347388e-10 
 1166       1.670767229973e-10 
 1167       1.665989660899e-10 
 1168       1.661109920042e-10 
 1169       1.656129942950e-10 
 1170       1.651051842132e-10 
 1171       1.645877746777e-10 
 1172       1.640609802797e-10 
 1173       1.635250172859e-10 
 1174       1.629801036421e-10 
 1175       1.624264589776e-10 
 1176       1.618643046082e-10 
 1177       1.612938635401e-10 
 1178       1.607153604737e-10 
 1179       1.601290218075e-10 
 1180       1.595350756412e-10 
 1181       1.589337517802e-10 
 1182       1.583252817384e-10 
 1183       1.577098987428e-10 
 1184       1.570878377366e-10 
 1185       1.564593353831e-10 
 1186       1.558246300694e-10 
 1187       1.551839619102e-10 
 1188       1.545375727512e-10 
 1189       1.538857061732e-10 
 1190       1.532286074957e-10 
 1191       1.525665237801e-10 
 1192       1.518997038343e-10 
 1193       1.512283982156e-10 
 1194       1.505528592350e-10 
 1195       1.498733409604e-10 
 1196       1.491900992207e-10 
 1197       1.485033916092e-10 
 1198       1.478134774876e-10 
 1199       1.471206179895e-10 
 1200       1.464250760241e-10 
 1201       1.457271162800e-10 
 1202       1.450270052289e-10 
 1203       1.443250111292e-10 
 1204       1.436214040299e-10 
 1205       1.429164557740e-10 
 1206       1.422104400026e-10 
 1207       1.415036192589e-10 
 1208       1.407962061230e-10 
 1209       1.400884016140e-10 
 1210       1.393804080493e-10 
 1211       1.386724290471e-10 
 1212       1.379646695291e-10 
 1213       1.372573357231e-10 
 1214       1.365506351660e-10 
 1215       1.358447767058e-10 
 1216       1.351399705048e-10 
 1217       1.344364280419e-10 
 1218       1.337343621155e-10 
 1219       1.330339868459e-10 
 1220       1.323355176781e-10 
 1221       1.316391713844e-10 
 1222       1.309451660672e-10 
 1223       1.302537211612e-10 
 1224       1.295650574366e-10 
 1225       1.288793970013e-10 
 1226       1.281969633037e-10 
 1227       1.275179811355e-10 
 1228       1.268426766341e-10 
 1229       1.261712772854e-10 
 1230       1.255040119263e-10 
 1231       1.248411107475e-10 
 1232       1.241828052961e-10 
 1233       1.235293284782e-10 
 1234       1.228809145614e-10 
 1235       1.222377991779e-10 
 1236       1.216002193265e-10 
 1237       1.209684133758e-10 
 1238       1.203426210667e-10 
 1239       1.197230835147e-10 
 1240       1.191100432130e-10 
 1241       1.185037440350e-10 
 1242       1.179044312367e-10 
 1243       1.173123514597e-10 
 1244       1.167277527337e-10 
 1245       1.161508844790e-10 
 1246       1.155819676293e-10 
 1247       1.150211046105e-10 
 1248       1.144683683106e-10 
 1249       1.139238318651e-10 
 1250       1.133875686563e-10 
 1251       1.128596523145e-10 
 1252       1.123401567179e-10 
 1253       1.118291559930e-10 
 1254       1.113267245149e-10 
 1255       1.108329369079e-10 
 1256       1.103478680454e-10 
 1257       1.098715930507e-10 
 1258       1.094041872969e-10 
 1259       1.089457264075e-10 
 1260       1.084962862568e-10 
 1261       1.080559429699e-10 
 1262       1.076247729233e-10 
 1263       1.072028527454e-10 
 1264       1.067902593162e-10 
 1265       1.063870697684e-10 
 1266       1.059933614873e-10 
 1267       1.056092121112e-10 
 1268       1.052346995315e-10 
 1269       1.048699018938e-10 
 1270       1.045148975973e-10 
 1271       1.041697652957e-10 
 1272       1.038345838974e-10 
 1273       1.035094325659e-10 
 1274       1.031943907198e-10 
 1275       1.028895380337e-10 
 1276       1.025949544381e-10 
 1277       1.023107201199e-10 
 1278       1.020369155226e-10 
 1279       1.017736213468e-10 
 1280       1.015209185506e-10 
 1281       1.012788883496e-10 
 1282       1.010476122175e-10 
 1283       1.008271718865e-10 
 1284       1.006176493474e-10 
 1285       1.004190995923e-10 
 1286       1.002314685018e-10 
 1287       1.000546740247e-10 
 1288       9.988863334831e-11 
 1289       9.973326289781e-11 
 1290       9.958847833400e-11 
 1291       9.945419455185e-11 
 1292       9.933032567886e-11 
 1293       9.921678507339e-11 
 1294       9.911348532303e-11 
 1295       9.902033824294e-11 
 1296       9.893725487423e-11 
 1297       9.886414548228e-11 
 1298       9.880091955513e-11 
 1299       9.874748580180e-11 
 1300       9.870375215070e-11 
 1301       9.866962574793e-11 
 1302       9.864501295565e-11 
 1303       9.862981935047e-11 
 1304       9.862394972174e-11 
 1305       9.862730807000e-11 
 1306       9.863979760522e-11 
 1307       9.866132074526e-11 
 1308       9.869177911415e-11 
 1309       9.873107354050e-11 
 1310       9.877910405583e-11 
 1311       9.883576989291e-11 
 1312       9.890096948414e-11 
 1313       9.897460045991e-11 
 1314       9.905655964695e-11 
 1315       9.914674306664e-11 
 1316       9.924504593346e-11 
 1317       9.935136265325e-11 
 1318       9.946558682163e-11 
 1319       9.958761122232e-11 
 1320       9.971732782550e-11 
 1321       9.985462778621e-11 
 1322       9.999940144262e-11 
 1323       1.001515383145e-10 
 1324       1.003109175760e-10 
 1325       1.004773793629e-10 
 1326       1.006507531453e-10 
 1327       1.008308672219e-10 
 1328       1.010175487181e-10 
 1329       1.012106235831e-10 
 1330       1.014099165881e-10 
 1331       1.016152513237e-10 
 1332       1.018264501980e-10 
 1333       1.020433344337e-10 
 1334       1.022657240665e-10 
 1335       1.024934379420e-10 
 1336       1.027262937142e-10 
 1337       1.029641078428e-10 
 1338       1.032066955909e-10 
 1339       1.034538710227e-10 
 1340       1.037054470014e-10 
 1341       1.039612351867e-10 
 1342       1.042210460324e-10 
 1343       1.044846887847e-10 
 1344       1.047519714791e-10 
 1345       1.050227009386e-10 
 1346       1.052966827714e-10 
 1347       1.055737213683e-10 
 1348       1.058536199008e-10 
 1349       1.061361803184e-10 
 1350       1.064212033466e-10 
 1351       1.067084884846e-10 
 1352       1.069978340027e-10 
 1353       1.072890369405e-10 
 1354       1.075818931040e-10 
 1355       1.078761970638e-10 
 1356       1.081717421528e-10 
 1357       1.084683204633e-10 
 1358       1.087657228456e-10 
 1359       1.090637389048e-10 
 1360       1.093621569994e-10 
 1361       1.096607642382e-10 
 1362       1.099593464785e-10 
 1363       1.102576993906e-10 
 1364       1.105556617864e-10 
 1365       1.108530826440e-10 
 1366       1.111498100710e-10 
 1367       1.114456913039e-10 
 1368       1.117405727054e-10 
 1369       1.120342997638e-10 
 1370       1.123267170906e-10 
 1371       1.126176684196e-10 
 1372       1.129069966049e-10 
 1373       1.131945436195e-10 
 1374       1.134801505534e-10 
 1375       1.137636576127e-10 
 1376       1.140449041172e-10 
 1377       1.143237284994e-10 
 1378       1.145999683028e-10 
 1379       1.148734601801e-10 
 1380       1.151440398918e-10 
 1381       1.154115423046e-10 
 1382       1.156758013899e-10 
 1383       1.159366502219e-10 
 1384       1.161939209763e-10 
 1385       1.164474449289e-10 
 1386       1.166970524536e-10 
 1387       1.169425730208e-10 
 1388       1.171838351963e-10 
 1389       1.174206666394e-10 
 1390       1.176528941012e-10 
 1391       1.178803434232e-10 
 1392       1.181028395359e-10 
 1393       1.183202064567e-10 
 1394       1.185322672888e-10 
 1395       1.187388442194e-10 
 1396       1.189397585181e-10 
 1397       1.191348305356e-10 
 1398       1.193238797016e-10 
 1399       1.195067245236e-10 
 1400       1.196831825854e-10 
 1401       1.198530705452e-10 
 1402       1.200162268876e-10 
 1403       1.201725804422e-10 
 1404       1.203220825767e-10 
 1405       1.204646845079e-10 
 1406       1.206003373013e-10 
 1407       1.207289918716e-10 
 1408       1.208505989820e-10 
 1409       1.209651092438e-10 
 1410       1.210724731169e-10 
 1411       1.211726409090e-10 
 1412       1.212655627756e-10 
 1413       1.213511887200e-10 
 1414       1.214294685927e-10 
 1415       1.215003520916e-10 
 1416       1.215637887616e-10 
 1417       1.216197279945e-10 
 1418       1.216681190286e-10 
 1419       1.217089109488e-10 
 1420       1.217420526863e-10 
 1421       1.217674930182e-10 
 1422       1.217851805677e-10 
 1423       1.217950638036e-10 
 1424       1.217970910400e-10 
 1425       1.217912104367e-10 
 1426       1.217773699984e-10 
 1427       1.217555175745e-10 
 1428       1.217256008595e-10 
 1429       1.216875673922e-10 
 1430       1.216413645558e-10 
 1431       1.215869395776e-10 
 1432       1.215242395289e-10 
 1433       1.214532113248e-10 
 1434       1.213738017238e-10 
 1435       1.212859573280e-10 
 1436       1.211896245823e-10 
 1437       1.210847497751e-10 
 1438       1.209712790370e-10 
 1439       1.208491583417e-10 
 1440       1.207183335051e-10 
 1441       1.205787703833e-10 
 1442       1.204305156915e-10 
 1443       1.202736368021e-10 
 1444       1.201082016033e-10 
 1445       1.199342785007e-10 
 1446       1.197519364176e-10 
 1447       1.195612447966e-10 
 1448       1.193622735999e-10 
 1449       1.191550933109e-10 
 1450       1.189397749347e-10 
 1451       1.187163899995e-10 
 1452       1.184850105571e-10 
 1453       1.182457091843e-10 
 1454       1.179985589836e-10 
 1455       1.177436335843e-10 
 1456       1.174810071434e-10 
 1457       1.172107543466e-10 
 1458       1.169329504094e-10 
 1459       1.166476710779e-10 
 1460       1.163549926296e-10 
 1461       1.160549918750e-10 
 1462       1.157477461579e-10 
 1463       1.154333333568e-10 
 1464       1.151118318854e-10 
 1465       1.147833206944e-10 
 1466       1.144478792716e-10 
 1467       1.141055876433e-10 
 1468       1.137565263753e-10 
 1469       1.134007765737e-10 
 1470       1.130384198860e-10 
 1471       1.126695385020e-10 
 1472       1.122942151549e-10 
 1473       1.119125331219e-10 
 1474       1.115245762259e-10 
 1475       1.111304288357e-10 
 1476       1.107301758672e-10 
 1477       1.103239027848e-10 
 1478       1.099116956018e-10 
 1479       1.094936408816e-10 
 1480       1.090698328208e-10 
 1481       1.086403945712e-10 
 1482       1.082054571307e-10 
 1483       1.077651522809e-10 
 1484       1.073196125895e-10 
 1485       1.068689714107e-10 
 1486       1.064133628873e-10 
 1487       1.059529219517e-10 
 1488       1.054877843272e-10 
 1489       1.050180865297e-10 
 1490       1.045439658686e-10 
 1491       1.040655604487e-10 
 1492       1.035830091710e-10 
 1493       1.030964517346e-10 
 1494       1.026060286375e-10 
 1495       1.021118811785e-10 
 1496       1.016141514582e-10 
 1497       1.011129823805e-10 
 1498       1.006085176540e-10 
 1499       1.001009017931e-10 
 1500       9.959028011974e-11 
 1501       9.907679876453e-11 
 1502       9.856060466815e-11 
 1503       9.804184558271e-11 
 1504       9.752067007313e-11 
 1505       9.699722751850e-11 
 1506       9.647166811341e-11 
 1507       9.594414286933e-11 
 1508       9.541480361600e-11 
 1509       9.488380300273e-11 
 1510       9.435129449982e-11 
 1511       9.381743239987e-11 
 1512       9.328237181917e-11 
 1513       9.274626869907e-11 
 1514       9.220927980731e-11 
 1515       9.167156273940e-11 
 1516       9.113327591998e-11 
 1517       9.059457860417e-11 
 1518       9.005563087894e-11 
 1519       8.951658581568e-11 
 1520       8.897756584253e-11 
 1521       8.843868614724e-11 
 1522       8.790006250625e-11 
 1523       8.736181128566e-11 
 1524       8.682404944217e-11 
 1525       8.628689452404e-11 
 1526       8.575046467204e-11 
 1527       8.521487862039e-11 
 1528       8.468025569775e-11 
 1529       8.414671582813e-11 
 1530       8.361437953186e-11 
 1531       8.308336792656e-11 
 1532       8.255380272805e-11 
 1533       8.202580625136e-11 
 1534       8.149950141162e-11 
 1535       8.097501172507e-11 
 1536       8.045246130996e-11 
 1537       7.993197488757e-11 
 1538       7.941367778307e-11 
 1539       7.889769592657e-11 
 1540       7.838415585400e-11 
 1541       7.787318470810e-11 
 1542       7.736491023937e-11 
 1543       7.685946080699e-11 
 1544       7.635696537983e-11 
 1545       7.585755353735e-11 
 1546       7.536135547058e-11 
 1547       7.486850198306e-11 
 1548       7.437912449181e-11 
 1549       7.389335502827e-11 
 1550       7.341132623923e-11 
 1551       7.293317138785e-11 
 1552       7.245902435453e-11 
 1553       7.198901963792e-11 
 1554       7.152329235586e-11 
 1555       7.106197824631e-11 
 1556       7.060521366833e-11 
 1557       7.015313560303e-11 
 1558       6.970586534873e-11 
 1559       6.926345943719e-11 
 1560       6.882595825842e-11 
 1561       6.839340232482e-11 
 1562       6.796583227129e-11 
 1563       6.754328885539e-11 
 1564       6.712581295748e-11 
 1565       6.671344558089e-11 
 1566       6.630622785205e-11 
 1567       6.590420102061e-11 
 1568       6.550740645965e-11 
 1569       6.511588566578e-11 
 1570       6.472968025930e-11 
 1571       6.434883198433e-11 
 1572       6.397338270900e-11 
 1573       6.360337442555e-11 
 1574       6.323884925052e-11 
 1575       6.287984942485e-11 
 1576       6.252641731407e-11 
 1577       6.217859540841e-11 
 1578       6.183642632299e-11 
 1579       6.149995279794e-11 
 1580       6.116921769852e-11 
 1581       6.084426401533e-11 
 1582       6.052513486441e-11 
 1583       6.021187348741e-11 
 1584       5.990452325172e-11 
 1585       5.960312765064e-11 
 1586       5.930773030348e-11 
 1587       5.901837495579e-11 
 1588       5.873510547941e-11 
 1589       5.845796587268e-11 
 1590       5.818700026059e-11 
 1591       5.792225289489e-11 
 1592       5.766376815425e-11 
 1593       5.741159054442e-11 
 1594       5.716576469837e-11 
 1595       5.692633537645e-11 
 1596       5.669334746650e-11 
 1597       5.646683140607e-11 
 1598       5.624675930258e-11 
 1599       5.603308841150e-11 
 1600       5.582577567728e-11 
 1601       5.562477773280e-11 
 1602       5.543005089886e-11 
 1603       5.524155118361e-11 
 1604       5.505923428206e-11 
 1605       5.488305557547e-11 
 1606       5.471297013087e-11 
 1607       5.454893270051e-11 
 1608       5.439089772131e-11 
 1609       5.423881931432e-11 
 1610       5.409265128420e-11 
 1611       5.395234711864e-11 
 1612       5.381785998790e-11 
 1613       5.368914274417e-11 
 1614       5.356614792112e-11 
 1615       5.344882773332e-11 
 1616       5.333713407570e-11 
 1617       5.323101852303e-11 
 1618       5.313043232934e-11 
 1619       5.303532642745e-11 
 1620       5.294565142839e-11 
 1621       5.286135762083e-11 
 1622       5.278239497062e-11 
 1623       5.270871312018e-11 
 1624       5.264026138801e-11 
 1625       5.257698876812e-11 
 1626       5.251884392951e-11 
 1627       5.246577521561e-11 
 1628       5.241773064377e-11 
 1629       5.237465790472e-11 
 1630       5.233650436200e-11 
 1631       5.230321705144e-11 
 1632       5.227474268065e-11 
 1633       5.225102762841e-11 
 1634       5.223201794423e-11 
 1635       5.221765934772e-11 
 1636       5.220789177231e-11 
 1637       5.220263294397e-11 
 1638       5.220179465460e-11 
 1639       5.220528820361e-11 
 1640       5.221302439725e-11 
 1641       5.222491354774e-11 
 1642       5.224086547254e-11 
 1643       5.226078949354e-11 
 1644       5.228459443630e-11 
 1645       5.231218862924e-11 
 1646       5.234347990286e-11 
 1647       5.237837558899e-11 
 1648       5.241678251997e-11 
 1649       5.245860702789e-11 
 1650       5.250375494379e-11 
 1651       5.255213159689e-11 
 1652       5.260364181382e-11 
 1653       5.265818991779e-11 
 1654       5.271567972784e-11 
 1655       5.277601455809e-11 
 1656       5.283909721689e-11 
 1657       5.290483000607e-11 
 1658       5.297311472016e-11 
 1659       5.304385264562e-11 
 1660       5.311694456001e-11 
 1661       5.319229073127e-11 
 1662       5.326979091687e-11 
 1663       5.334934436309e-11 
 1664       5.343084980419e-11 
 1665       5.351420546166e-11 
 1666       5.359930904342e-11 
 1667       5.368605774303e-11 
 1668       5.377434823894e-11 
 1669       5.386407669365e-11 
 1670       5.395513875299e-11 
 1671       5.404742954530e-11 
 1672       5.414084368066e-11 
 1673       5.423527525009e-11 
 1674       5.433061782480e-11 
 1675       5.442676947514e-11 
 1676       5.452364787711e-11 
 1677       5.462117533625e-11 
 1678       5.471927377931e-11 
 1679       5.481786475365e-11 
 1680       5.491686942666e-11 
 1681       5.501620858526e-11 
 1682       5.511580263525e-11 
 1683       5.521557160080e-11 
 1684       5.531543512384e-11 
 1685       5.541531246352e-11 
 1686       5.551512249565e-11 
 1687       5.561478371208e-11 
 1688       5.571421422020e-11 
 1689       5.581333174233e-11 
 1690       5.591205361514e-11 
 1691       5.601029678912e-11 
 1692       5.610797782799e-11 
 1693       5.620501290815e-11 
 1694       5.630131781806e-11 
 1695       5.639680795775e-11 
 1696       5.649139833818e-11 
 1697       5.658500358071e-11 
 1698       5.667753791655e-11 
 1699       5.676891518611e-11 
 1700       5.685904883855e-11 
 1701       5.694785193111e-11 
 1702       5.703523712858e-11 
 1703       5.712111670275e-11 
 1704       5.720540253182e-11 
 1705       5.728800609982e-11 
 1706       5.736883849609e-11 
 1707       5.744781041464e-11 
 1708       5.752483215365e-11 
 1709       5.759981361487e-11 
 1710       5.767266430303e-11 
 1711       5.774329332533e-11 
 1712       5.781160939081e-11 
 1713       5.787752080983e-11 
 1714       5.794094643951e-11 
 1715       5.800184862345e-11 
 1716       5.806020053209e-11 
 1717       5.811597524207e-11 
 1718       5.816914573608e-11 
 1719       5.821968490277e-11 
 1720       5.826756553662e-11 
 1721       5.831276033780e-11 
 1722       5.835524191211e-11 
 1723       5.839498277075e-11 
 1724       5.843195533031e-11 
 1725       5.846613191259e-11 
 1726       5.849748474448e-11 
 1727       5.852598595784e-11 
 1728       5.855160758942e-11 
 1729       5.857432158068e-11 
 1730       5.859409977769e-11 
 1731       5.861091393102e-11 
 1732       5.862473569562e-11 
 1733       5.863553663068e-11 
 1734       5.864328819951e-11 
 1735       5.864796176944e-11 
 1736       5.864952861168e-11 
 1737       5.864795990121e-11 
 1738       5.864322671663e-11 
 1739       5.863530004010e-11 
 1740       5.862415075713e-11 
 1741       5.860974965656e-11 
 1742       5.859206743034e-11 
 1743       5.857107467349e-11 
 1744       5.854674188392e-11 
 1745       5.851903946234e-11 
 1746       5.848793771215e-11 
 1747       5.845340683926e-11 
 1748       5.841541695205e-11 
 1749       5.837393806117e-11 
 1750       5.832894007948e-11 
 1751       5.828039282189e-11 
 1752       5.822826600526e-11 
 1753       5.817253913904e-11 
 1754       5.811323128774e-11 
 1755       5.805037155662e-11 
 1756       5.798398922381e-11 
 1757       5.791411374048e-11 
 1758       5.784077473118e-11 
 1759       5.776400199408e-11 
 1760       5.768382550120e-11 
 1761       5.760027539873e-11 
 1762       5.751338200728e-11 
 1763       5.742317582209e-11 
 1764       5.732968751340e-11 
 1765       5.723294792660e-11 
 1766       5.713298808257e-11 
 1767       5.702983917793e-11 
 1768       5.692353258529e-11 
 1769       5.681409985351e-11 
 1770       5.670157270801e-11 
 1771       5.658598305096e-11 
 1772       5.646736296161e-11 
 1773       5.634574469653e-11 
 1774       5.622116068987e-11 
 1775       5.609364355362e-11 
 1776       5.596322607790e-11 
 1777       5.582994123121e-11 
 1778       5.569382216067e-11 
 1779       5.555490219233e-11 
 1780       5.541321483141e-11 
 1781       5.526879376256e-11 
 1782       5.512167285013e-11 
 1783       5.497188613845e-11 
 1784       5.481946785206e-11 
 1785       5.466445239600e-11 
 1786       5.450687435610e-11 
 1787       5.434676849916e-11 
 1788       5.418416977333e-11 
 1789       5.401911330826e-11 
 1790       5.385163441545e-11 
 1791       5.368176858847e-11 
 1792       5.350955521270e-11 
 1793       5.333504872705e-11 
 1794       5.315830755393e-11 
 1795       5.297939039841e-11 
 1796       5.279835624868e-11 
 1797       5.261526437644e-11 
 1798       5.243017433727e-11 
 1799       5.224314597107e-11 
 1800       5.205423940246e-11 
 1801       5.186351504116e-11 
 1802       5.167103358241e-11 
 1803       5.147685600738e-11 
 1804       5.128104358355e-11 
 1805       5.108365786515e-11 
 1806       5.088476069350e-11 
 1807       5.068441419748e-11 
 1808       5.048268079392e-11 
 1809       5.027962318796e-11 
 1810       5.007530437349e-11 
 1811       4.986978763355e-11 
 1812       4.966313654073e-11 
 1813       4.945541495757e-11 
 1814       4.924668703695e-11 
 1815       4.903701722255e-11 
 1816       4.882647024915e-11 
 1817       4.861511114315e-11 
 1818       4.840300522288e-11 
 1819       4.819021809906e-11 
 1820       4.797681567518e-11 
 1821       4.776286414790e-11 
 1822       4.754843000746e-11 
 1823       4.733358003809e-11 
 1824       4.711838131841e-11 
 1825       4.690290122181e-11 
 1826       4.668720741689e-11 
 1827       4.647136786783e-11 
 1828       4.625545083483e-11 
 1829       4.603952487447e-11 
 1830       4.582365884015e-11 
 1831       4.560791851792e-11 
 1832       4.539235650382e-11 
 1833       4.517702224645e-11 
 1834       4.496196540447e-11 
 1835       4.474723584685e-11 
 1836       4.453288365317e-11 
 1837       4.431895911393e-11 
 1838       4.410551273078e-11 
 1839       4.389259521685e-11 
 1840       4.368025749700e-11 
 1841       4.346855070811e-11 
 1842       4.325752619939e-11 
 1843       4.304723553263e-11 
 1844       4.283773048248e-11 
 1845       4.262906303677e-11 
 1846       4.242128539676e-11 
 1847       4.221444997742e-11 
 1848       4.200860940775e-11 
 1849       4.180381653101e-11 
 1850       4.160012440505e-11 
 1851       4.139758630257e-11 
 1852       4.119625571140e-11 
 1853       4.099618633479e-11 
 1854       4.079743209169e-11 
 1855       4.060004711705e-11 
 1856       4.040408576206e-11 
 1857       4.020960259449e-11 
 1858       4.001665239891e-11 
 1859       3.982529017704e-11 
 1860       3.963557114796e-11 
 1861       3.944755074846e-11 
 1862       3.926128463328e-11 
 1863       3.907682867542e-11 
 1864       3.889423896640e-11 
 1865       3.871357181654e-11 
 1866       3.853488375527e-11 
 1867       3.835823153139e-11 
 1868       3.818367211337e-11 
 1869       3.801126268962e-11 
 1870       3.784105335767e-11 
 1871       3.767306512870e-11 
 1872       3.750731175144e-11 
 1873       3.734380700767e-11 
 1874       3.718256471229e-11 
 1875       3.702359871328e-11 
 1876       3.686692289182e-11 
 1877       3.671255116225e-11 
 1878       3.656049747213e-11 
 1879       3.641077580228e-11 
 1880       3.626340016679e-11 
 1881       3.611838461308e-11 
 1882       3.597574322190e-11 
 1883       3.583549010740e-11 
 1884       3.569763941711e-11 
 1885       3.556220533204e-11 
 1886       3.542920206665e-11 
 1887       3.529864386890e-11 
 1888       3.517054502031e-11 
 1889       3.504491983596e-11 
 1890       3.492178266454e-11 
 1891       3.480114788837e-11 
 1892       3.468302992342e-11 
 1893       3.456744321938e-11 
 1894       3.445440225968e-11 
 1895       3.434392156148e-11 
 1896       3.423601567576e-11 
 1897       3.413069918732e-11 
 1898       3.402798671482e-11 
 1899       3.392789291080e-11 
 1900       3.383043246173e-11 
 1901       3.373562008805e-11 
 1902       3.364347054416e-11 
 1903       3.355399861850e-11 
 1904       3.346721913355e-11 
 1905       3.338314694588e-11 
 1906       3.330179694616e-11 
 1907       3.322318405922e-11 
 1908       3.314732324407e-11 
 1909       3.307422298201e-11 
 1910       3.300386568639e-11 
 1911       3.293622714273e-11 
 1912       3.287128300684e-11 
 1913       3.280900880458e-11 
 1914       3.274937993176e-11 
 1915       3.269237165388e-11 
 1916       3.263795910600e-11 
 1917       3.258611729254e-11 
 1918       3.253682108708e-11 
 1919       3.249004523222e-11 
 1920       3.244576433936e-11 
 1921       3.240395288852e-11 
 1922       3.236458522819e-11 
 1923       3.232763557510e-11 
 1924       3.229307801408e-11 
 1925       3.226088649786e-11 
 1926       3.223103484690e-11 
 1927       3.220349674916e-11 
 1928       3.217824575998e-11 
 1929       3.215525530189e-11 
 1930       3.213449866436e-11 
 1931       3.211594900372e-11 
 1932       3.209957934288e-11 
 1933       3.208536257123e-11 
 1934       3.207327144438e-11 
 1935       3.206327858407e-11 
 1936       3.205535647788e-11 
 1937       3.204947747914e-11 
 1938       3.204561380671e-11 
 1939       3.204373754477e-11 
 1940       3.204382064269e-11 
 1941       3.204583491484e-11 
 1942       3.204975204034e-11 
 1943       3.205554356299e-11 
 1944       3.206318089097e-11 
 1945       3.207263529677e-11 
 1946       3.208387791690e-11 
 1947       3.209687975181e-11 
 1948       3.211160941249e-11 
 1949       3.212802634247e-11 
 1950       3.214608754459e-11 
 1951       3.216574982922e-11 
 1952       3.218696981401e-11 
 1953       3.220970392366e-11 
 1954       3.223390838965e-11 
 1955       3.225953924998e-11 
 1956       3.228655234893e-11 
 1957       3.231490333680e-11 
 1958       3.234454766968e-11 
 1959       3.237544060913e-11 
 1960       3.240753722202e-11 
 1961       3.244079238019e-11 
 1962       3.247516076024e-11 
 1963       3.251059684330e-11 
 1964       3.254705491471e-11 
 1965       3.258448906383e-11 
 1966       3.262285318374e-11 
 1967       3.266210097102e-11 
 1968       3.270218592548e-11 
 1969       3.274306134990e-11 
 1970       3.278468034980e-11 
 1971       3.282699583316e-11 
 1972       3.286996051019e-11 
 1973       3.291352689306e-11 
 1974       3.295764729565e-11 
 1975       3.300227383331e-11 
 1976       3.304735842257e-11 
 1977       3.309285278093e-11 
 1978       3.313870842658e-11 
 1979       3.318487667817e-11 
 1980       3.323130865452e-11 
 1981       3.327795527439e-11 
 1982       3.332476725624e-11 
 1983       3.337169511795e-11 
 1984       3.341868917656e-11 
 1985       3.346569954807e-11 
 1986       3.351267614711e-11 
 1987       3.355957125396e-11 
 1988       3.360634723655e-11 
 1989       3.365296888482e-11 
 1990       3.369940084849e-11 
 1991       3.374560763689e-11 
 1992       3.379155361875e-11 
 1993       3.383720302208e-11 
 1994       3.388251993398e-11 
 1995       3.392746830042e-11 
 1996       3.397201192612e-11 
 1997       3.401611447434e-11 
 1998       3.405973946674e-11 
 1999       3.410285028315e-11 
 2000       3.414541016144e-11 
 2001       3.418738219733e-11 
 2002       3.422872934421e-11 
 2003       3.426941441297e-11 
 2004       3.430940007184e-11 
 2005       3.434864884616e-11 
 2006       3.438712311828e-11 
 2007       3.442478512732e-11 
 2008       3.446159696904e-11 
 2009       3.449752059564e-11 
 2010       3.453251781557e-11 
 2011       3.456655029342e-11 
 2012       3.459957954964e-11 
 2013       3.463156696048e-11 
 2014       3.466247375771e-11 
 2015       3.469226102853e-11 
 2016       3.472088971534e-11 
 2017       3.474832061557e-11 
 2018       3.477451438153e-11 
 2019       3.479943152023e-11 
 2020       3.482303239318e-11 
 2021       3.484527721622e-11 
 2022       3.486612605937e-11 
 2023       3.488553884664e-11 
 2024       3.490347535584e-11 
 2025       3.491989521842e-11 
 2026       3.493476311641e-11 
 2027       3.494806441456e-11 
 2028       3.495978964079e-11 
 2029       3.496992929930e-11 
 2030       3.497847387055e-11 
 2031       3.498541381119e-11 
 2032       3.499073955413e-11 
 2033       3.499444150843e-11 
 2034       3.499651005930e-11 
 2035       3.499693556813e-11 
 2036       3.499570837237e-11 
 2037       3.499281878558e-11 
 2038       3.498825709740e-11 
 2039       3.498201357349e-11 
 2040       3.497407845552e-11 
 2041       3.496444196118e-11 
 2042       3.495309428411e-11 
 2043       3.494002559389e-11 
 2044       3.492522603605e-11 
 2045       3.490868573199e-11 
 2046       3.489039477899e-11 
 2047       3.487034325020e-11 
 2048       3.484852119457e-11 
 2049       3.482491863688e-11 
 2050       3.479952557768e-11 
 2051       3.477233199326e-11 
 2052       3.474332783567e-11 
 2053       3.471250303265e-11 
 2054       3.467984748763e-11 
 2055       3.464535107971e-11 
 2056       3.460900366361e-11 
 2057       3.457079506969e-11 
 2058       3.453071510388e-11 
 2059       3.448875354768e-11 
 2060       3.444490015814e-11 
 2061       3.439914466782e-11 
 2062       3.435147678479e-11 
 2063       3.430188619259e-11 
 2064       3.425036255019e-11 
 2065       3.419690010393e-11 
 2066       3.414151155894e-11 
 2067       3.408421430597e-11 
 2068       3.402502581852e-11 
 2069       3.396396365294e-11 
 2070       3.390104544851e-11 
 2071       3.383628892757e-11 
 2072       3.376971189564e-11 
 2073       3.370133224148e-11 
 2074       3.363116793724e-11 
 2075       3.355923703856e-11 
 2076       3.348555768464e-11 
 2077       3.341014809839e-11 
 2078       3.333302658652e-11 
 2079       3.325421153964e-11 
 2080       3.317372143235e-11 
 2081       3.309157482340e-11 
 2082       3.300779035575e-11 
 2083       3.292238675667e-11 
 2084       3.283538283789e-11 
 2085       3.274679749566e-11 
 2086       3.265664971090e-11 
 2087       3.256495854926e-11 
 2088       3.247174316125e-11 
 2089       3.237702278237e-11 
 2090       3.228081673315e-11 
 2091       3.218314441934e-11 
 2092       3.208402533194e-11 
 2093       3.198347904735e-11 
 2094       3.188152522747e-11 
 2095       3.177818361979e-11 
 2096       3.167347405752e-11 
 2097       3.156741645967e-11 
 2098       3.146003083118e-11 
 2099       3.135133726301e-11 
 2100       3.124135593225e-11 
 2101       3.113010710222e-11 
 2102       3.101761112260e-11 
 2103       3.090388842951e-11 
 2104       3.078896120459e-11 
 2105       3.067285836463e-11 
 2106       3.055561060685e-11 
 2107       3.043724875328e-11 
 2108       3.031780375085e-11 
 2109       3.019730667161e-11 
 2110       3.007578871283e-11 
 2111       2.995328119716e-11 
 2112       2.982981557280e-11 
 2113       2.970542341364e-11 
 2114       2.958013641941e-11 
 2115       2.945398641582e-11 
 2116       2.932700535473e-11 
 2117       2.919922531430e-11 
 2118       2.907067849913e-11 
 2119       2.894139724042e-11 
 2120       2.881141399610e-11 
 2121       2.868076135101e-11 
 2122       2.854947201704e-11 
 2123       2.841757883328e-11 
 2124       2.828511476616e-11 
 2125       2.815211290962e-11 
 2126       2.801860648525e-11 
 2127       2.788462884245e-11 
 2128       2.775021345857e-11 
 2129       2.761539393906e-11 
 2130       2.748020401763e-11 
 2131       2.734467755640e-11 
 2132       2.720884854605e-11 
 2133       2.707275110595e-11 
 2134       2.693641948437e-11 
 2135       2.679988805856e-11 
 2136       2.666319133493e-11 
 2137       2.652636394922e-11 
 2138       2.638944066664e-11 
 2139       2.625245638199e-11 
 2140       2.611544611985e-11 
 2141       2.597844503473e-11 
 2142       2.584148841118e-11 
 2143       2.570460999147e-11 
 2144       2.556783694565e-11 
 2145       2.543119486739e-11 
 2146       2.529470944353e-11 
 2147       2.515840645414e-11 
 2148       2.502231177268e-11 
 2149       2.488645136608e-11 
 2150       2.475085129482e-11 
 2151       2.461553771310e-11 
 2152       2.448053686889e-11 
 2153       2.434587510407e-11 
 2154       2.421157885454e-11 
 2155       2.407767465028e-11 
 2156       2.394418911553e-11 
 2157       2.381114896884e-11 
 2158       2.367858102319e-11 
 2159       2.354651218613e-11 
 2160       2.341496945985e-11 
 2161       2.328397994127e-11 
 2162       2.315357082223e-11 
 2163       2.302376938950e-11 
 2164       2.289460302495e-11 
 2165       2.276609920563e-11 
 2166       2.263828550390e-11 
 2167       2.251118958751e-11 
 2168       2.238483921971e-11 
 2169       2.225926225940e-11 
 2170       2.213448666117e-11 
 2171       2.201054047547e-11 
 2172       2.188745184866e-11 
 2173       2.176524902319e-11 
 2174       2.164396033761e-11 
 2175       2.152361422677e-11 
 2176       2.140423922188e-11 
 2177       2.128586395062e-11 
 2178       2.116851713726e-11 
 2179       2.105222760275e-11 
 2180       2.093702426485e-11 
 2181       2.082293613823e-11 
 2182       2.070998880316e-11 
 2183       2.059819378562e-11 
 2184       2.048755910615e-11 
 2185       2.037809280483e-11 
 2186       2.026980294129e-11 
 2187       2.016269759471e-11 
 2188       2.005678486386e-11 
 2189       1.995207286711e-11 
 2190       1.984856974244e-11 
 2191       1.974628364747e-11 
 2192       1.964522275947e-11 
 2193       1.954539527539e-11 
 2194       1.944680941188e-11 
 2195       1.934947340527e-11 
 2196       1.925339551164e-11 
 2197       1.915858400681e-11 
 2198       1.906504718638e-11 
 2199       1.897279336571e-11 
 2200       1.888183087996e-11 
 2201       1.879216808413e-11 
 2202       1.870381335305e-11 
 2203       1.861677508139e-11 
 2204       1.853106168373e-11 
 2205       1.844668159450e-11 
 2206       1.836364326807e-11 
 2207       1.828195517873e-11 
 2208       1.820162582073e-11 
 2209       1.812266370826e-11 
 2210       1.804507737553e-11 
 2211       1.796887537672e-11 
 2212       1.789406628605e-11 
 2213       1.782065869777e-11 
 2214       1.774866122620e-11 
 2215       1.767808250573e-11 
 2216       1.760893119084e-11 
 2217       1.754121595613e-11 
 2218       1.747494549632e-11 
 2219       1.741012852631e-11 
 2220       1.734677378113e-11 
 2221       1.728488681445e-11 
 2222       1.722446037078e-11 
 2223       1.716548394983e-11 
 2224       1.710794700226e-11 
 2225       1.705183892960e-11 
 2226       1.699714908419e-11 
 2227       1.694386676916e-11 
 2228       1.689198123831e-11 
 2229       1.684148169612e-11 
 2230       1.679235729762e-11 
 2231       1.674459714838e-11 
 2232       1.669819030444e-11 
 2233       1.665312577223e-11 
 2234       1.660939250854e-11 
 2235       1.656697942043e-11 
 2236       1.652587536521e-11 
 2237       1.648606915033e-11 
 2238       1.644754953337e-11 
 2239       1.641030522194e-11 
 2240       1.637432487366e-11 
 2241       1.633959709606e-11 
 2242       1.630611044655e-11 
 2243       1.627385343234e-11 
 2244       1.624281451040e-11 
 2245       1.621298208739e-11 
 2246       1.618434451961e-11 
 2247       1.615689011290e-11 
 2248       1.613060712265e-11 
 2249       1.610548375369e-11 
 2250       1.608150816024e-11 
 2251       1.605866844585e-11 
 2252       1.603695266335e-11 
 2253       1.601634881479e-11 
 2254       1.599684485137e-11 
 2255       1.597842867339e-11 
 2256       1.596108813019e-11 
 2257       1.594481102007e-11 
 2258       1.592958509026e-11 
 2259       1.591539803685e-11 
 2260       1.590223626015e-11 
 2261       1.589008112212e-11 
 2262       1.587891266457e-11 
 2263       1.586871085145e-11 
 2264       1.585945556879e-11 
 2265       1.585112662457e-11 
 2266       1.584370374866e-11 
 2267       1.583716659271e-11 
 2268       1.583149473007e-11 
 2269       1.582666765573e-11 
 2270       1.582266478618e-11 
 2271       1.581946545935e-11 
 2272       1.581704893452e-11 
 2273       1.581539439223e-11 
 2274       1.581448093418e-11 
 2275       1.581428758317e-11 
 2276       1.581479328298e-11 
 2277       1.581597689830e-11 
 2278       1.581781721462e-11 
 2279       1.582029293817e-11 
 2280       1.582338269582e-11 
 2281       1.582706503498e-11 
 2282       1.583131842352e-11 
 2283       1.583612124969e-11 
 2284       1.584145182202e-11 
 2285       1.584728836922e-11 
 2286       1.585360904012e-11 
 2287       1.586039190356e-11 
 2288       1.586761494832e-11 
 2289       1.587525608301e-11 
 2290       1.588329313598e-11 
 2291       1.589170385525e-11 
 2292       1.590046590843e-11 
 2293       1.590955688258e-11 
 2294       1.591895428418e-11 
 2295       1.592863553901e-11 
 2296       1.593857799207e-11 
 2297       1.594875890748e-11 
 2298       1.595915546842e-11 
 2299       1.596974577128e-11 
 2300       1.598051181533e-11 
 2301       1.599143653195e-11 
 2302       1.600250279198e-11 
 2303       1.601369340567e-11 
 2304       1.602499112262e-11 
 2305       1.603637863171e-11 
 2306       1.604783856102e-11 
 2307       1.605935347779e-11 
 2308       1.607090588833e-11 
 2309       1.608247823797e-11 
 2310       1.609405291098e-11 
 2311       1.610561223051e-11 
 2312       1.611713845853e-11 
 2313       1.612861379575e-11 
 2314       1.614002038158e-11 
 2315       1.615134029403e-11 
 2316       1.616255554966e-11 
 2317       1.617364810353e-11 
 2318       1.618459984910e-11 
 2319       1.619539261818e-11 
 2320       1.620600818089e-11 
 2321       1.621642824554e-11 
 2322       1.622663445860e-11 
 2323       1.623660840465e-11 
 2324       1.624633160626e-11 
 2325       1.625578552398e-11 
 2326       1.626495155622e-11 
 2327       1.627381103924e-11 
 2328       1.628234524704e-11 
 2329       1.629053539131e-11 
 2330       1.629836262138e-11 
 2331       1.630580802411e-11 
 2332       1.631285262388e-11 
 2333       1.631947738248e-11 
 2334       1.632566319905e-11 
 2335       1.633139091005e-11 
 2336       1.633664128914e-11 
 2337       1.634139504715e-11 
 2338       1.634563511082e-11 
 2339       1.634935347471e-11 
 2340       1.635254439205e-11 
 2341       1.635520209982e-11 
 2342       1.635732081876e-11 
 2343       1.635889475330e-11 
 2344       1.635991809158e-11 
 2345       1.636038500542e-11 
 2346       1.636028965034e-11 
 2347       1.635962616547e-11 
 2348       1.635838867361e-11 
 2349       1.635657128117e-11 
 2350       1.635416807815e-11 
 2351       1.635117313818e-11 
 2352       1.634758051842e-11 
 2353       1.634338425960e-11 
 2354       1.633857838601e-11 
 2355       1.633315690544e-11 
 2356       1.632711380920e-11 
 2357       1.632044307208e-11 
 2358       1.631313865237e-11 
 2359       1.630519449180e-11 
 2360       1.629660451554e-11 
 2361       1.628736263221e-11 
 2362       1.627746273382e-11 
 2363       1.626689869579e-11 
 2364       1.625566437690e-11 
 2365       1.624375361931e-11 
 2366       1.623116024853e-11 
 2367       1.621787807338e-11 
 2368       1.620390088601e-11 
 2369       1.618922246187e-11 
 2370       1.617383655968e-11 
 2371       1.615773692143e-11 
 2372       1.614091727237e-11 
 2373       1.612337132098e-11 
 2374       1.610509275894e-11 
 2375       1.608607526116e-11 
 2376       1.606631248570e-11 
 2377       1.604580018864e-11 
 2378       1.602454258264e-11 
 2379       1.600254601748e-11 
 2380       1.597981686885e-11 
 2381       1.595636153832e-11 
 2382       1.593218645344e-11 
 2383       1.590729806773e-11 
 2384       1.588170286069e-11 
 2385       1.585540733787e-11 
 2386       1.582841803089e-11 
 2387       1.580074149744e-11 
 2388       1.577238432134e-11 
 2389       1.574335311256e-11 
 2390       1.571365450724e-11 
 2391       1.568329516772e-11 
 2392       1.565228178259e-11 
 2393       1.562062106669e-11 
 2394       1.558831976116e-11 
 2395       1.555538463344e-11 
 2396       1.552182247734e-11 
 2397       1.548764011303e-11 
 2398       1.545284438712e-11 
 2399       1.541744217261e-11 
 2400       1.538144036899e-11 
 2401       1.534484590223e-11 
 2402       1.530766572484e-11 
 2403       1.526990681586e-11 
 2404       1.523157618093e-11 
 2405       1.519268085226e-11 
 2406       1.515322788873e-11 
 2407       1.511322437588e-11 
 2408       1.507267742593e-11 
 2409       1.503159417783e-11 
 2410       1.498998179728e-11 
 2411       1.494784747677e-11 
 2412       1.490519843558e-11 
 2413       1.486204191984e-11 
 2414       1.481838520254e-11 
 2415       1.477423558357e-11 
 2416       1.472960122019e-11 
 2417       1.468449362394e-11 
 2418       1.463892517892e-11 
 2419       1.459290831275e-11 
 2420       1.454645549667e-11 
 2421       1.449957924550e-11 
 2422       1.445229211775e-11 
 2423       1.440460671564e-11 
 2424       1.435653568516e-11 
 2425       1.430809171610e-11 
 2426       1.425928754210e-11 
 2427       1.421013594072e-11 
 2428       1.416064973343e-11 
 2429       1.411084178572e-11 
 2430       1.406072500711e-11 
 2431       1.401031235119e-11 
 2432       1.395961681570e-11 
 2433       1.390865144252e-11 
 2434       1.385742931779e-11 
 2435       1.380596357189e-11 
 2436       1.375426737951e-11 
 2437       1.370235395971e-11 
 2438       1.365023657595e-11 
 2439       1.359792853613e-11 
 2440       1.354544319266e-11 
 2441       1.349279394247e-11 
 2442       1.343999422709e-11 
 2443       1.338705753269e-11 
 2444       1.333399739009e-11 
 2445       1.328082737486e-11 
 2446       1.322756110732e-11 
 2447       1.317421225263e-11 
 2448       1.312079452079e-11 
 2449       1.306732166671e-11 
 2450       1.301380749026e-11 
 2451       1.296026583630e-11 
 2452       1.290671059473e-11 
 2453       1.285315570056e-11 
 2454       1.279961513392e-11 
 2455       1.274610237528e-11 
 2456       1.269262876739e-11 
 2457       1.263920514368e-11 
 2458       1.258584237220e-11 
 2459       1.253255135571e-11 
 2460       1.247934303169e-11 
 2461       1.242622837235e-11 
 2462       1.237321838472e-11 
 2463       1.232032411065e-11 
 2464       1.226755662684e-11 
 2465       1.221492704490e-11 
 2466       1.216244651135e-11 
 2467       1.211012620769e-11 
 2468       1.205797735043e-11 
 2469       1.200601119110e-11 
 2470       1.195423901631e-11 
 2471       1.190267214776e-11 
 2472       1.185132194230e-11 
 2473       1.180019979197e-11 
 2474       1.174931712400e-11 
 2475       1.169868540088e-11 
 2476       1.164831612036e-11 
 2477       1.159822081553e-11 
 2478       1.154841105481e-11 
 2479       1.149889844202e-11 
 2480       1.144969461640e-11 
 2481       1.140081125262e-11 
 2482       1.135226006088e-11 
 2483       1.130405278687e-11 
 2484       1.125620121186e-11 
 2485       1.120871715272e-11 
 2486       1.116161246192e-11 
 2487       1.111489902763e-11 
 2488       1.106858877369e-11 
 2489       1.102269365971e-11 
 2490       1.097722568103e-11 
 2491       1.093219686882e-11 
 2492       1.088761929009e-11 
 2493       1.084350504771e-11 
 2494       1.079985983317e-11 
 2495       1.075666354329e-11 
 2496       1.071388954977e-11 
 2497       1.067151113607e-11 
 2498       1.062950149732e-11 
 2499       1.058783374019e-11 
 2500       1.054648088288e-11 
